Areal values from HadUK-Grid 1km gridded climate data from land surface network
Source: Met Office National Climate Information Centre
Monthly, seasonal and annual total precipitation amount for England SW and S Wales
Areal series, starting in 1836
Last updated 01-Apr-2026 11:35
year    jan    feb    mar    apr    may    jun    jul    aug    sep    oct    nov    dec     win     spr     sum     aut     ann
1836  105.8   59.5  150.5   82.9    9.8   81.4   95.5   44.8  110.6  139.4  209.1  113.2     ---   243.2   221.7   459.1  1202.5
1837  101.0  125.7   33.2   50.0   36.1   55.3   70.3   99.8   84.1  111.9  106.4   97.7   339.8   119.3   225.4   302.4   971.5
1838   39.1  110.0   62.5   62.7   86.3  114.3   61.4   74.4   53.9  115.5  213.3  102.4   246.8   211.6   250.1   382.7  1095.8
1839   85.0   76.5   82.1   60.4   38.1  139.0  186.3   91.0  161.4  149.5  180.8  138.8   263.9   180.6   416.3   491.7  1389.0
1840  142.1   97.0    4.2   29.4   71.5   53.1   77.4   70.6   89.2   59.2  212.9   24.9   377.9   105.1   201.1   361.3   931.4
1841   95.3   75.4  104.6   69.9   89.2   73.7   78.0  127.2  203.1  158.1  189.5  162.1   195.6   263.7   278.9   550.7  1426.2
1842  110.1   76.8  122.1   12.9   65.1   65.5   74.3   72.0   97.2   66.2  266.6   96.4   349.0   200.1   211.8   430.0  1125.1
1843  122.0   81.4   50.2  114.3  114.2  110.3   59.4  105.5   23.7  196.3  130.9   35.6   299.8   278.7   275.2   350.9  1143.8
1844   84.4  113.3  104.4   24.7    3.3   39.1   57.8  105.6   57.7  130.2  125.1   42.2   233.3   132.4   202.6   313.0   887.8
1845  118.5   57.2   37.6   63.5   42.0   83.1   90.2  114.0  119.6   56.3  138.2  123.6   217.8   143.1   287.2   314.1  1043.6
1846  143.1   55.1   84.5  100.7   66.8   61.9  122.2  103.8   65.6  162.3  101.2   52.1   321.7   252.1   287.8   329.1  1119.2
1847   96.1   64.9   89.7   67.4   88.7   69.8   57.6   60.3   77.3  199.7   90.4  172.9   213.0   245.8   187.6   367.4  1134.8
1848   72.7  155.0  110.8  113.3   41.3  129.3   95.9  146.6  109.3  137.2   80.4  161.6   400.7   265.4   371.8   326.9  1353.4
1849  105.5   66.8   35.4   93.2   97.6   29.5   82.5   65.0  120.8  109.3   88.3  125.9   333.9   226.2   177.0   318.4  1019.9
1850   63.8   78.7   27.9  140.0   69.3   50.9   70.7   83.3   98.3   66.1  129.8  105.1   268.4   237.1   204.9   294.1   983.8
1851  222.7   51.1  149.4   53.9   43.8   71.8  110.4   74.5   28.3  115.0   60.4   64.1   378.9   247.1   256.7   203.7  1045.5
1852  212.8   78.0   23.3   40.5   75.3  145.7   57.8  179.4   95.3  149.1  303.4  197.2   354.9   139.1   382.8   547.9  1557.8
1853  134.8   64.5   46.0   81.1   57.5  110.9  118.3   95.4   75.0  139.0  100.0   53.4   396.6   184.5   324.6   313.9  1075.8
1854  133.4   42.2   29.1   12.4   87.2   77.2  104.8   49.7   45.9  107.5   73.2   85.0   229.0   128.8   231.7   226.6   847.6
1855   12.5   57.8   78.5   20.1   80.5  116.6  101.2   64.3   39.6  167.9   29.5   76.8   155.2   179.0   282.1   236.9   845.1
1856  123.9   92.3   45.5  124.1   81.8   59.3   50.8  103.2  109.7  104.3   46.7  137.0   293.0   251.5   213.4   260.7  1078.8
1857  113.1   67.7  108.7  117.7   65.9   59.9   86.7   58.4   83.1  139.4   57.9   54.4   317.8   292.3   205.0   280.5  1013.0
1858   46.1   42.7   50.0  118.7   76.1   45.9   80.2   73.0  104.2  120.0   73.8  133.0   143.2   244.8   199.1   298.0   963.6
1859   91.6   73.9  102.5  101.6   40.9   50.2   65.1  124.5  161.9  129.0  130.1  134.5   298.5   245.1   239.8   421.1  1206.0
1860  160.0   51.4  104.7   58.6  103.9  211.2   70.3  203.1   87.5  103.6   99.6  149.5   345.9   267.1   484.6   290.7  1403.3
1861   47.3  108.7  106.7   22.0   38.9   92.7  153.4   79.9  109.7   80.2  168.9   93.8   305.5   167.6   326.0   358.8  1102.2
1862  111.4   32.4  133.7   97.4   87.6  103.9   93.5   82.2  104.5  185.0   50.8  110.8   237.6   318.8   279.7   340.3  1193.3
1863  136.4   41.5   57.1   48.9   55.1  123.8   34.5  119.4  144.4  178.6  113.4   80.1   288.6   161.1   277.7   436.4  1133.1
1864   84.5   57.6   81.1   39.3   37.5   62.8   32.7   47.2  123.7   75.7  123.1   90.5   222.1   157.8   142.7   322.5   855.6
1865  139.9  107.1   62.5   30.1  104.7   46.7   92.2  149.5    7.4  191.9  147.9  107.1   337.6   197.2   288.4   347.2  1186.9
1866  183.6  135.4  104.8   57.4   45.8   81.2   49.2  114.0  246.2   69.2   93.1  120.7   426.1   208.0   244.3   408.4  1300.5
1867  165.2   98.3  124.3  110.9   95.3   30.7  114.9   52.5   74.6  158.5   38.0   81.2   384.3   330.6   198.2   271.1  1144.6
1868  146.3   69.1   91.6   78.9   56.0   19.1   28.0  137.1  119.1  124.7   97.2  250.6   296.6   226.5   184.3   340.9  1217.7
1869  174.5  132.7   61.6   51.0  137.1   21.6   29.7   37.3  176.0   86.6  101.2  152.7   557.8   249.6    88.6   363.9  1162.1
1870   91.6   98.4   68.7   16.5   60.5   17.7   47.6   62.9   62.6  206.4  113.9   69.9   342.8   145.7   128.2   382.9   916.8
1871  108.0   81.2   60.3  133.3   19.5   68.0  151.9   64.3  159.1  149.1   44.1   97.1   259.2   213.0   284.2   352.3  1135.8
1872  222.1  153.8  118.5   79.7   60.5  126.8  120.6   74.8  121.0  190.4  206.1  207.1   473.1   258.6   322.2   517.6  1681.5
1873  186.0   69.6  112.2   26.2   60.2   54.2  100.7  144.2   81.5  104.4   99.0   38.7   462.8   198.6   299.0   284.9  1076.9
1874  138.2  100.8   61.6   66.8   25.4   45.5   54.0  133.7  162.8  157.1  101.4  146.3   277.6   153.8   233.1   421.3  1193.5
1875  194.9   63.5   44.7   59.2   80.1  103.6  135.2  100.1  132.8  199.8  182.9   60.9   404.7   184.0   338.8   515.5  1357.5
1876   61.7  137.8  123.9   94.1   11.7   50.0   45.8  123.4  178.5  133.6  138.0  261.6   260.3   229.7   219.2   450.1  1360.1
1877  208.8   92.6   87.9  115.7   99.6   60.7  126.1  158.1   87.0  116.2  218.9   93.2   562.9   303.3   344.9   422.1  1464.8
1878   78.3   68.0   57.5   94.9  149.4   91.3   56.5  168.9   87.5  162.8  119.3   93.5   239.6   301.8   316.6   369.6  1227.9
1879  117.9  146.7   43.0   74.8   81.0  190.0  125.1  192.6  124.7   53.1   20.6   58.4   358.1   198.8   507.7   198.4  1227.7
1880   26.6  133.0   64.4   68.3   45.4   76.0  158.6   25.8  107.5  167.2  128.7  161.6   217.9   178.1   260.4   403.4  1163.2
1881   52.4  138.4  106.8   40.7   57.0  101.1   71.4  153.2   64.6   91.2  163.7  130.5   352.4   204.4   325.7   319.5  1170.9
1882   99.3   94.6   66.4  148.4   58.8  121.9  157.9  122.3  108.7  193.9  174.8  166.5   324.4   273.6   402.1   477.4  1513.6
1883  141.5  170.8   43.1   37.7   56.5  101.1  105.6   53.4  166.0  126.2  161.9   58.6   478.8   137.3   260.1   454.1  1222.5
1884  150.4  132.6  108.6   55.8   51.7   60.1  105.2   63.9   80.9   59.0   71.5  156.9   341.7   216.1   229.2   211.4  1096.6
1885  102.3  144.7   52.2   93.2   88.7   69.3   28.2   63.9  174.4  173.2  134.0   56.8   404.0   234.2   161.4   481.7  1181.1
1886  152.7   40.1  123.3   74.5  119.6   32.8  103.7   58.4  106.6  193.8  131.5  182.3   249.7   317.5   194.9   431.9  1319.4
1887  100.9   29.4   56.2   39.5   54.5   14.6   53.5   57.4  108.6   93.4  115.4  103.3   312.6   150.2   125.5   317.5   826.8
1888   53.4   29.9  121.0   54.5   51.9   93.0  181.2  103.2   36.8   66.6  223.3  133.6   186.7   227.4   377.4   326.7  1148.5
1889   49.3   78.6  100.7   81.2   82.2   19.4   98.0  104.7   56.7  137.8   65.5   84.7   261.5   264.1   222.1   259.9   958.7
1890  167.1   33.7   60.4   70.1   73.7   88.8  104.4  104.1   51.0   75.4  142.1   63.0   285.5   204.1   297.3   268.5  1033.6
1891  101.9    4.4   67.6   61.9   95.0   69.4   80.2  198.5   92.8  255.9  126.7  185.5   169.2   224.5   348.1   475.4  1339.9
1892   74.0   76.7   31.2   39.5   44.7   59.9   67.2  113.9   96.3  129.9  101.7   67.3   336.3   115.3   240.9   327.9   902.2
1893   79.8  154.1   17.2    7.5   54.8   39.0  124.1   67.4   74.6  128.5   80.5  145.5   301.3    79.6   230.6   283.7   973.2
1894  128.2  102.7   84.1   70.7   85.4   65.8  129.0  109.6   65.0  154.8  194.0  107.1   376.4   240.3   304.5   413.7  1296.5
1895  132.0    5.3  101.9   74.5   15.5   36.0  115.9  106.7   27.3  136.2  185.0  128.2   244.4   192.0   258.7   348.6  1064.7
1896   40.5   26.6  125.8   26.2    3.8   56.1   62.9   71.1  198.2  127.4   38.1  208.4   195.3   155.8   190.1   363.8   985.1
1897   72.0  120.5  146.2  114.4   45.3   76.8   52.6  151.6  129.4   52.6   84.7  198.0   400.9   305.9   281.0   266.7  1244.0
1898   52.1   72.5   41.2   65.7  111.1   64.1   22.6  101.2   44.5  175.9  117.0  149.4   322.6   218.0   187.9   337.4  1017.3
1899  191.0  123.3   40.4  110.4   75.1   40.5   39.7   51.6   86.7  101.5  103.3  103.6   463.6   225.9   131.8   291.5  1067.0
1900  153.2  163.9   43.4   52.1   69.2   94.1   44.0  105.0   48.8  132.0  135.3  192.9   420.7   164.7   243.0   316.1  1233.9
1901   95.4   45.2   97.1  107.3   33.3   70.1   54.9   85.7   94.1   90.4   46.1  190.3   333.5   237.7   210.7   230.5  1009.8
1902   64.8   50.9   78.1   59.1   67.2   89.9   64.8   86.4   72.6  101.4  132.4  102.1   306.0   204.4   241.1   306.4   969.6
1903  143.7   83.1  170.2   67.6   88.3   62.5   98.3  152.3  124.6  284.1   83.3  128.7   329.0   326.0   313.1   492.0  1486.6
1904  157.9  163.6   61.5   60.7   79.2   42.9  106.0   92.4   77.2   69.1   82.5  108.7   450.2   201.4   241.3   228.8  1101.8
1905   52.6   44.4  159.0   97.0   17.8   82.1   37.9  144.5   57.0   71.5  136.7   43.8   205.8   273.8   264.5   265.2   944.4
1906  194.6  114.1   69.1   35.8  102.6   59.9   37.6   89.7   32.5  181.0  112.9   95.1   352.4   207.5   187.2   326.4  1124.9
1907   60.5   57.8   41.4  121.2   87.5  104.5   71.6   90.7   29.3  211.9  103.6  154.7   213.5   250.1   266.7   344.8  1134.7
1908   65.3   70.7  116.5   73.0   68.2   29.3   93.6  130.5   90.1   71.4   64.2  127.2   290.7   257.7   253.4   225.7   999.9
1909   62.5   19.9  132.8   84.0   43.0   77.5   89.7   61.3   83.2  212.9   47.6  182.0   209.5   259.8   228.5   343.7  1096.4
1910  134.1  159.2   35.6   83.6   68.8  105.1   97.0  155.3   10.2  146.8  163.0  208.0   475.4   188.0   357.4   320.1  1366.8
1911   46.9   82.5   74.6   68.1   45.0   82.0   15.5   75.0   73.0  116.4  156.9  275.9   337.3   187.6   172.5   346.3  1111.7
1912  133.8   99.2  189.9    9.9   48.9  151.5   99.4  246.4   31.8  147.3   93.5  183.7   508.8   248.7   497.3   272.6  1435.2
1913  191.9   52.2  155.8  145.7   90.5   53.1   22.2   47.5   93.0  129.3  152.1   84.2   427.7   392.0   122.8   374.4  1217.5
1914   58.4  141.9  181.0   49.7   59.1   57.0  136.1   99.5   70.0   82.5  139.3  246.4   284.6   289.8   292.7   291.8  1321.0
1915  126.5  198.3   30.8   46.7   74.0   51.0  129.8   68.7   42.4  128.2   88.8  255.2   571.2   151.5   249.6   259.4  1240.5
1916   78.4  175.1   94.2   53.1   78.1   69.9   44.2  114.8   77.6  222.3  142.8  112.2   508.7   225.3   228.9   442.7  1262.6
1917   48.1   39.6   91.9   59.8   75.3   92.8   76.7  219.4   69.7  178.8   76.1   37.3   199.8   227.0   388.9   324.7  1065.5
1918  133.0   83.4   59.5   59.7   49.8   41.1  132.4   77.9  231.9   92.3  103.8  184.4   253.7   169.0   251.3   427.9  1249.0
1919  166.0  110.8  157.0   70.9   31.9   45.4   46.2   92.4   65.0   59.2   92.0  208.3   461.2   259.8   184.1   216.2  1145.1
1920  176.3   49.2  133.5  159.1   77.7   82.4  159.1   58.0   89.2  123.8   70.6  131.8   433.8   370.3   299.5   283.7  1310.8
1921  140.1    8.2  101.6   29.9   58.8    9.8   44.4  104.8   48.4   50.6   97.5   91.4   280.2   190.3   159.0   196.5   785.5
1922  141.5  133.6  106.9  101.4   36.8   38.6  131.4  110.1   93.6   43.3   63.5  171.5   366.5   245.2   280.2   200.4  1172.4
1923   85.6  248.0   53.5   90.4   71.7   23.0   67.5  101.6  105.9  195.4  109.2  126.1   505.2   215.6   192.1   410.6  1278.0
1924  146.5   28.7   56.3  102.7  121.1   75.9  140.4  138.8  157.8  174.2  105.2  190.6   301.3   280.1   355.2   437.2  1438.2
1925  127.3  181.9   28.6   86.3  130.9    1.7   93.7  115.6  113.9  146.6   93.2  132.5   499.8   245.8   211.0   353.7  1252.3
1926  173.3   94.6   27.3   70.7   62.6   75.0   81.4   89.3   46.6  106.7  251.1   23.1   400.4   160.6   245.7   404.4  1101.8
1927  153.6  105.8  124.1   60.9   37.1  101.1  123.7  154.3  176.9   96.3  121.7  101.3   282.6   222.1   379.2   394.9  1356.9
1928  221.1  118.8  116.8   49.2   30.1  101.0   67.8   99.6   47.3  207.2  171.2  134.1   441.2   196.1   268.4   425.8  1364.4
1929   58.1   49.0   17.9   25.3   96.1   71.6   69.1   89.1   28.0  189.7  323.0  273.6   241.2   139.3   229.8   540.7  1290.4
1930  198.5   32.0   79.6   87.6   61.2   34.6   97.7  134.0  146.0  159.7  164.2  151.2   504.1   228.3   266.3   470.0  1346.4
1931  113.1  103.3   45.4   88.1  107.0  104.1  138.6  126.4   66.4   36.9  226.1   67.9   367.7   240.5   369.1   329.4  1223.3
1932  161.3    1.9   73.5   96.8  125.3   58.5  106.7   43.1  137.1  230.1   89.5   89.1   231.1   295.6   208.3   456.8  1213.0
1933   99.9  119.8  104.9   47.8   59.1   65.7   79.3   43.5   54.8  149.7   34.5   47.8   308.8   211.8   188.4   239.0   906.7
1934  124.3   10.6   93.6   88.2   53.6   49.0   28.5  116.7   99.4  112.0   58.0  300.9   182.8   235.4   194.2   269.4  1134.8
1935   36.8  129.2   35.3  143.5   48.3  120.6   21.3   67.2  161.4  167.1  194.7  131.0   467.0   227.1   209.1   523.3  1256.5
1936  163.6   90.3  101.6   74.0   32.7   83.4  195.4   23.3   97.5   64.3  132.3  146.4   384.8   208.3   302.1   294.1  1204.6
1937  189.9  195.9  119.4   89.9   64.7   40.2   80.5   34.2   88.1  107.3   66.2  109.7   532.2   274.0   154.8   261.7  1186.1
1938  165.1   51.0   17.8    5.4   85.6   70.9  112.0  121.9   59.7  166.1  197.8  134.2   325.8   108.8   304.8   423.6  1187.5
1939  192.9   89.4   55.9   85.6   26.9   78.6  207.8   89.7   28.3  103.9  248.5   84.1   416.5   168.4   376.1   380.7  1291.6
1940   90.2  118.8   92.0   79.6   49.5   22.9  113.0   10.9   60.2  143.8  259.3  108.9   293.1   221.1   146.8   463.3  1149.1
1941  114.3  130.3  101.2   41.9   71.5   48.8   62.7  145.7   25.4   88.0   88.8   98.9   353.6   214.5   257.2   202.2  1017.5
1942  142.5   15.1   89.4   59.1  161.8   13.5   83.0  121.3   99.4  110.8   32.8  173.6   256.5   310.3   217.8   243.0  1102.3
1943  217.1   73.5   34.0   38.5  109.7   74.0   85.2  110.9  127.8  124.8   95.1   83.6   464.2   182.2   270.1   347.6  1174.2
1944  113.9   34.0   11.6   67.2   38.4   78.9   82.3   91.9  102.7  167.7  219.0  112.6   231.5   117.2   253.1   489.5  1120.3
1945   97.3  123.4   48.6   46.7  103.1  116.3   91.3   77.6   88.2  127.8   28.9  177.5   333.3   198.5   285.1   244.9  1126.7
1946  145.3  112.5   47.8   58.3  114.0  111.2   63.4  169.4  176.0   57.5  213.8  141.8   435.3   220.2   344.1   447.3  1411.1
1947  120.6   51.7  232.5   96.4   80.9   75.4   76.7   24.8   60.9   37.3  113.8  111.4   314.0   409.8   176.9   212.1  1082.5
1948  241.4   62.4   58.3   70.3   85.1   91.1   62.3  131.4   94.2  123.9   78.2  200.2   415.2   213.7   284.8   296.3  1298.9
1949   49.2   53.9   54.6   80.4   91.2   18.8   48.8   66.9   80.3  222.2  151.8  106.6   303.3   226.2   134.4   454.2  1024.5
1950   42.3  204.5   66.1   84.7   56.8   51.6  130.1  190.2  188.8   68.5  199.1  106.8   353.4   207.6   371.9   456.5  1389.6
1951  139.9  137.3  138.0   94.1   80.7   31.4   49.5  160.9  118.0   40.4  226.0  130.1   384.0   312.8   241.8   384.4  1346.4
1952  129.9   33.1   97.4   89.8   95.1   67.6   43.7  155.5  105.5  147.0  120.1  115.2   293.2   282.3   266.8   372.6  1200.0
1953   36.6   62.9   53.6   90.3   81.5   64.2  126.8   98.7  123.1   95.2  100.2   39.8   214.7   225.4   289.7   318.5   972.9
1954   80.6  125.4  114.7   22.3   84.8  116.6  111.3  114.9  134.2  164.5  243.4  124.2   245.8   221.9   342.8   542.2  1437.0
1955  125.5   82.7   62.6   57.9  122.0  116.9   39.2   23.6   60.9   82.3  110.2  177.9   332.3   242.5   179.7   253.3  1061.6
1956  144.8   14.5   48.2   38.9   30.1   70.8  107.4  134.4  158.3   64.1   48.1  160.5   337.3   117.3   312.6   270.4  1020.1
1957  121.7  143.9  119.9    8.9   63.2   59.7  122.0  110.9  163.4  109.4   74.3  101.8   426.1   192.0   292.7   347.1  1199.1
1958  121.8  147.8   44.2   30.2  100.9  109.1  104.6  130.3  190.0  119.2   90.2  134.9   371.4   175.2   344.1   399.4  1323.2
1959  157.6   13.0  122.0  106.8   39.8   51.4   78.8   53.5    8.7  149.9  214.2  260.0   305.5   268.6   183.7   372.8  1255.6
1960  145.1  130.3   72.0   93.9   51.1   57.2  142.2  129.3  155.7  234.8  221.6  160.9   535.4   216.9   328.7   612.1  1593.9
1961  167.2  101.2   13.5  148.4   42.4   37.5   63.3  102.8  105.3  181.7   75.0  124.2   429.4   204.2   203.6   361.9  1162.4
1962  175.0   43.9   66.5   85.8   82.4   24.7   61.0  139.7  134.1   46.0   99.9   96.6   343.1   234.6   225.4   280.0  1055.6
1963   26.4   67.5  161.9  118.6   60.2   93.2   69.5  115.8   72.8   76.6  237.7   46.3   190.6   340.7   278.5   387.1  1146.5
1964   28.1   50.3  103.9   71.7   81.1   61.2   68.7   59.8   48.9  105.5   99.3  157.3   124.6   256.7   189.8   253.7   935.8
1965  156.0    6.8  100.1   64.1   78.6   96.2  130.9   87.7  135.8   41.0  145.6  265.2   320.0   242.7   314.8   322.3  1307.9
1966   94.5  171.2   53.2  152.4   94.6   86.1   71.2  118.7   57.2  178.0   98.1  169.6   530.9   300.2   276.1   333.3  1344.9
1967  110.5  144.4   80.4   41.1  160.0   32.7   88.4   81.1  160.4  258.6   87.5  113.6   424.5   281.4   202.1   506.6  1358.6
1968  118.6   56.7   77.1   87.5   88.9  125.6  105.4   65.7  146.6  128.5   85.9  128.0   288.9   253.5   296.7   361.0  1214.4
1969  157.7   84.3   86.1   65.3  134.2   67.5   85.3   84.5   61.1   26.5  163.0  126.5   370.0   285.6   237.4   250.6  1142.0
1970  192.3  130.0   81.2   93.8   34.6   58.6   89.2  100.9   96.6   85.5  229.8   65.4   448.9   209.6   248.7   411.9  1258.0
1971  195.6   46.9   87.5   52.9   48.7  132.1   42.0  125.3   27.7   96.8  129.4   66.8   308.0   189.1   299.4   253.9  1051.8
1972  152.1  135.9  103.7  102.0  111.7  116.9   50.4   52.7   44.0   71.3  155.5  198.4   354.9   317.4   220.1   270.7  1294.7
1973   74.5   73.3   33.0   73.4   98.4   48.7   78.3   97.7  102.9   63.4   87.2  103.5   346.3   204.8   224.7   253.6   934.3
1974  238.9  179.9   56.9   15.8   75.2   73.7   82.2  123.3  222.8  102.7  158.0  128.3   522.3   147.9   279.2   483.5  1457.7
1975  187.3   41.6   84.7   82.2   33.2   12.8   87.4   72.4  130.3   52.0  114.5   58.0   357.2   200.0   172.6   296.9   956.4
1976   62.8   67.2   85.5   14.4   60.8   21.4   29.6   27.2  180.1  221.5  124.5  128.6   188.0   160.7    78.1   526.0  1023.5
1977  136.3  193.7  113.1   59.5   62.7   81.9   36.5  114.7   59.5  107.3  148.1  134.6   458.6   235.3   233.1   314.9  1247.8
1978  152.7  141.2  125.7   64.5   32.2   54.9  117.0   52.5   45.8   18.3   90.1  215.6   428.5   222.4   224.3   154.2  1110.6
1979  122.0   89.5  156.0   79.0  134.1   40.1   41.8  124.6   57.8  115.9  126.7  233.5   427.2   369.1   206.4   300.4  1321.0
1980  101.8  138.0  142.7   22.2   38.4  137.7   71.6   90.4  102.2  167.3  125.4  120.8   473.3   203.3   299.6   394.9  1258.5
1981   70.1   79.9  232.1   46.9  132.1   56.0   58.6   28.5  206.3  193.3   85.9  162.7   270.8   411.1   143.2   485.5  1352.4
1982  116.6   92.4  152.7   32.3   38.9  128.0   51.8   97.0  116.2  166.6  194.2  167.9   371.6   223.9   276.7   477.0  1354.5
1983  175.7   39.9   78.8  113.4  136.2   48.1   24.0   51.3  145.9  121.9   66.9  158.8   383.5   328.4   123.4   334.7  1161.0
1984  224.7   86.0   56.3    7.9   62.8   30.9   35.3   64.4  146.0  151.9  205.1  132.1   469.5   127.0   130.6   503.0  1203.4
1985  101.9   51.4   97.8   96.2   60.6  114.3   81.7  176.2   55.7   78.9   86.5  193.9   285.3   254.6   372.3   221.2  1195.2
1986  174.0    6.2  107.0   96.9  111.0   71.7   70.8  150.1   29.9  133.6  204.8  215.8   374.1   314.9   292.7   368.3  1371.9
1987   28.0   99.8  117.0   89.2   43.9  106.6   60.2   36.3   80.1  233.0  121.5  110.3   343.6   250.0   203.1   434.6  1125.8
1988  226.2   95.8  141.9   51.6   88.6   46.0  158.2  131.7   84.4  130.1   56.1   52.6   432.3   282.0   336.0   270.6  1263.2
1989   74.5  144.9  140.4   90.4   17.3   48.1   41.8   69.6   81.0  159.8   96.3  197.1   271.9   248.1   159.5   337.1  1161.1
1990  207.7  220.1   28.4   44.1   27.1   96.7   54.9   59.3   72.7  132.7   98.8  129.9   624.8    99.5   211.0   304.2  1172.3
1991  156.1   82.9  125.0  111.5   10.3  121.1   95.6   39.0   88.7  137.7  117.3   51.4   368.8   246.8   255.8   343.7  1136.5
1992   57.4   69.0   92.4   96.8   42.1   35.7   87.0  198.8  102.4   85.8  212.0  130.4   177.7   231.3   321.6   400.2  1209.9
1993  178.3   20.8   35.1  102.4  112.8   98.0  116.0   50.4  139.5  105.6  105.1  253.0   329.6   250.3   264.4   350.2  1317.0
1994  180.0  145.1  143.8   96.5   87.7   42.2   55.5   92.8  122.4  139.1  125.1  221.1   578.1   328.0   190.4   386.6  1451.2
1995  230.6  162.5   83.4   40.8   63.8   20.3   49.6   13.4  132.5  108.0  138.8  117.3   614.2   187.9    83.3   379.3  1161.0
1996  126.7  119.7   73.7   79.1  100.6   38.7   36.8   99.4   51.8  148.9  175.8   47.0   363.7   253.4   174.8   376.4  1098.0
1997   17.4  178.0   40.9   29.8   95.7  129.3   40.7  169.1   51.8   97.0  205.4  140.5   242.4   166.4   339.0   354.2  1195.6
1998  179.7   27.2  145.0  155.5   37.8  161.2   87.7   52.4  129.6  238.4  125.7  147.9   347.4   338.3   301.3   493.7  1488.1
1999  205.4   81.5   76.1  118.3   70.1   85.4   20.0  134.7  174.1  103.2   97.3  253.2   434.9   264.6   240.1   374.6  1419.3
2000   66.7  154.0   48.7  166.3   97.9   52.7   71.2   91.5  154.2  249.1  233.1  234.2   473.8   312.9   215.3   636.4  1619.6
2001  120.0  104.8  144.4  119.8   39.9   42.5   98.4   97.4   62.7  185.5  101.7   55.6   459.1   304.1   238.3   349.9  1172.8
2002  163.0  205.2   71.5   76.5  151.9   59.9   73.5   53.3   32.9  180.0  240.6  170.5   423.8   299.9   186.7   453.4  1478.7
2003  106.3   69.3   53.9   65.3   86.8   64.2  114.6   23.5   27.2   83.0  126.4  138.5   346.0   206.1   202.4   236.6   959.1
2004  172.9   85.5   85.0   82.6   53.9   64.5   67.0  142.1   93.9  218.3   62.2  110.4   396.9   221.4   273.6   374.4  1238.3
2005   95.8   54.6   65.7   97.2   58.8   78.7   79.2   53.3   76.8  184.9  147.6  111.1   260.8   221.6   211.2   409.3  1103.6
2006   49.4   75.8  131.2   42.0  137.1   38.0   52.4   66.0   71.3  168.4  177.8  183.6   236.4   310.4   156.4   417.5  1193.1
2007  150.8  167.6   97.1   19.2  138.3  146.8  163.8   76.8   60.1   54.4   90.5  153.5   502.0   254.6   387.4   205.1  1319.0
2008  180.8   60.7  132.6   72.2   92.7   61.6  158.0  167.8  125.4  155.3  106.8   86.1   395.0   297.5   387.4   387.5  1400.0
2009  155.2   61.3   62.8   74.8   71.9   62.8  218.9   77.0   42.1  117.5  259.8  137.1   302.5   209.5   358.6   419.5  1341.2
2010   97.8   78.2   91.1   39.9   45.5   34.3  105.8  110.5  116.0   98.5  131.1   46.5   313.1   176.5   250.5   345.6   995.1
2011  134.4   98.0   28.0   19.1   59.0  103.1   75.3   80.7   99.2  114.1   87.2  171.1   278.9   106.1   259.0   300.5  1069.1
2012  104.0   45.9   28.9  174.6   60.3  193.9  131.5  150.6   94.0  153.9  185.0  243.5   321.0   263.8   476.0   432.9  1566.1
2013  144.7   61.1   91.0   46.9   92.0   49.3   45.1   86.9   72.9  211.9  104.4  217.0   449.4   229.9   181.3   389.2  1223.2
2014  248.5  225.7   71.8   92.7  105.2   60.3   43.4  135.2   13.1  150.9  161.0  108.0   691.2   269.7   238.9   325.1  1415.8
2015  165.3   90.3   67.6   25.9  101.2   54.0  102.7  145.1   74.3   75.8  172.2  213.9   363.5   194.7   301.8   322.3  1288.3
2016  215.6  133.1  101.6   58.2   73.7  104.2   41.7   81.6  114.6   45.4  124.8   57.5   562.6   233.6   227.5   284.8  1152.2
2017   89.2   92.4  122.4   26.1   66.9  100.8  115.3   88.3  138.8   77.7  106.9  160.7   239.1   215.4   304.4   323.3  1185.4
2018  153.9   65.2  168.2  103.0   49.3   13.7   52.7   91.0   89.0  104.8  180.6  173.8   379.8   320.5   157.3   374.3  1245.1
2019   72.1   78.0  130.2   77.3   35.2  111.6   46.7  117.4  163.6  197.1  176.8  185.2   323.9   242.7   275.6   537.5  1391.1
2020  128.6  240.9   91.0   44.1   12.1  135.4   77.0  153.9   59.4  196.3  107.9  241.0   554.7   147.3   366.3   363.6  1487.8
2021  173.6  132.8   63.8   13.4  188.4   50.1   99.4   61.3   98.3  200.1   49.3  145.4   547.4   265.6   210.7   347.7  1275.7
2022   60.4  140.9   63.3   36.9   57.1   69.1   29.3   35.3  111.1  148.7  221.5  157.3   346.7   157.3   133.8   481.3  1130.9
2023  173.0   21.0  196.5   86.9   50.0   35.8  158.0  101.6  120.7  182.4  179.5  229.4   351.2   333.4   295.4   482.6  1534.7
2024  125.9  227.8  159.7  115.0   94.7   35.5   94.1   73.1  160.5  141.3  145.2  114.4   583.1   369.4   202.7   447.0  1487.1
2025  159.8   98.6   16.9   83.6   37.8   90.2   43.5   61.2  152.2  123.5  209.1  199.7   372.8   138.4   194.8   484.7  1276.0
2026  215.3  173.7   67.5                                                                  588.7                                
