Areal values from HadUK-Grid 1km gridded climate data from land surface network
Source: Met Office National Climate Information Centre
Monthly, seasonal and annual total precipitation amount for Midlands
Areal series, starting in 1836
Last updated 01-Apr-2026 11:35
year    jan    feb    mar    apr    may    jun    jul    aug    sep    oct    nov    dec     win     spr     sum     aut     ann
1836   61.1   57.0  103.7   59.2   14.7   60.1   69.6   44.0   63.6   77.2  131.4   59.4     ---   177.6   173.6   272.2   801.0
1837   89.5   82.7   27.6   46.3   31.2   50.9   63.1   87.3   57.9   71.9   67.7   72.9   231.6   105.1   201.3   197.4   748.9
1838   22.7   56.3   41.9   46.7   65.7   90.4   65.3   63.4   59.2   69.9   94.4   39.4   151.9   154.4   219.2   223.6   715.5
1839   45.1   47.1   58.9   37.3   20.0  121.0  127.2   74.7  102.5   75.4  118.4   64.8   131.6   116.2   322.9   296.2   892.3
1840   85.7   55.1    7.0   19.1   75.4   50.4   74.0   63.9   70.9   36.6  121.9   15.9   205.6   101.5   188.4   229.3   675.9
1841   59.9   37.1   49.9   41.2   64.0   74.0   78.8   95.8  113.0  110.4   91.7   78.4   112.9   155.0   248.6   315.1   894.2
1842   51.2   35.3   79.3   15.9   62.2   55.6   75.2   47.1   76.7   35.1  132.4   38.1   164.9   157.3   177.9   244.2   704.0
1843   59.3   66.2   27.4   71.7  104.3   69.8   67.2   86.6   21.1  129.6   77.2   13.1   163.6   203.4   223.5   228.0   793.4
1844   42.1   65.0   70.3   11.7    7.6   30.9   65.7   69.6   62.2   65.5   79.4   10.6   120.2    89.6   166.2   207.1   580.6
1845   49.3   23.3   46.0   43.6   59.7   75.6   84.1  110.4   64.9   58.9   58.0   95.5    83.2   149.3   270.0   181.7   769.2
1846   79.5   27.6   47.4  113.4   35.8   47.2   71.6  101.1   41.8  122.8   39.3   26.2   202.6   196.6   220.0   203.9   753.7
1847   53.3   39.8   34.4   43.9   90.7   59.4   27.0   44.0   60.1   95.8   54.5  103.1   119.2   169.1   130.4   210.4   706.0
1848   34.5  102.4   93.7   70.8   22.9  123.5   69.0  114.9  101.5  122.6   37.0   73.3   240.0   187.4   307.4   261.1   966.1
1849   70.9   36.2   22.2   72.0   64.4   39.4   74.6   46.9  100.1   80.4   45.4   84.4   180.4   158.6   160.9   225.9   736.9
1850   44.1   44.1   15.6   69.3   50.9   32.9   91.8   52.0   46.1   48.8   68.5   48.6   172.6   135.9   176.6   163.4   612.7
1851   79.9   23.7   81.4   36.4   34.9   73.3   82.2   55.1   28.8   64.1   25.3   34.9   152.2   152.7   210.6   118.2   620.0
1852  108.9   52.8   12.0   11.8   39.2  111.9   70.3  110.0   90.5   84.6  173.5   88.3   196.6    63.0   292.2   348.6   953.8
1853   73.4   28.2   33.1   51.0   44.3  102.8   89.6   67.9   58.0   93.0   52.5   25.7   190.0   128.5   260.4   203.5   719.7
1854   65.5   27.5   18.0   14.3   58.1   45.2   76.8   40.3   30.5   46.0   53.0   64.3   118.8    90.4   162.4   129.6   539.7
1855   12.0   34.5   46.2   18.7   46.4   68.1  121.4   47.2   30.0  128.3   24.9   27.0   110.8   111.3   236.7   183.1   604.6
1856   73.5   52.4   22.5   62.7   76.5   49.1   46.7  109.7   81.1   66.3   32.1   65.8   152.8   161.6   205.5   179.6   738.3
1857   69.6   29.7   52.1   64.0   41.4   66.2   61.5  117.3   72.4   68.1   41.9   20.3   165.1   157.5   245.0   182.4   704.4
1858   19.3   21.7   27.7   80.2   58.4   52.3   48.8   68.2   66.8   86.6   25.6   60.6    61.3   166.3   169.3   178.9   616.2
1859   37.4   44.5   62.3   73.1   29.1   64.3   55.6   89.1   83.7   75.7   71.1   66.0   142.5   164.6   209.0   230.5   751.9
1860   88.6   28.5   65.7   29.4   79.4  136.9   49.2  128.0   69.8   63.3   68.0   75.5   183.2   174.6   314.0   201.1   882.2
1861   22.1   72.3   87.4   29.1   27.9   68.3  113.2   31.2   70.5   39.0   83.8   45.8   169.9   144.3   212.7   193.2   690.4
1862   59.5   17.0   99.3   59.7   93.9   67.4   60.2   57.3   85.0   97.5   25.4   50.6   122.3   252.8   184.9   207.9   772.7
1863   91.6   20.0   23.8   34.0   29.0  102.7   28.3   76.0   85.4   96.8   64.5   42.1   162.2    86.8   207.0   246.7   694.2
1864   32.4   47.2   69.9   38.2   50.1   43.1   19.3   28.5   68.8   60.5   69.7   51.0   121.7   158.2    90.9   199.1   578.8
1865   67.7   58.4   30.1   27.0   68.9   44.7   75.9  109.2    7.5  134.8   72.4   37.3   177.1   125.9   229.8   214.8   733.9
1866   79.9   80.3   47.2   36.6   35.5   86.5   72.2  101.5  149.3   63.2   74.8   67.1   197.5   119.3   260.2   287.3   894.1
1867   84.6   54.6   70.7   80.6   62.7   46.4   79.3   62.1   59.8   73.9   26.5   54.2   206.3   214.0   187.8   160.3   755.5
1868   72.4   53.5   62.9   47.9   34.4   11.7   14.5   97.9   75.6   74.4   47.8  168.1   180.1   145.2   124.2   197.7   761.2
1869   94.2   77.6   44.3   44.9  117.4   32.6   17.3   39.4  121.2   47.8   67.0  108.2   339.9   206.6    89.3   236.0   811.8
1870   51.8   49.4   46.4   22.0   31.2   28.4   32.1   47.8   37.6  135.6   56.5   62.8   209.5    99.7   108.3   229.7   601.7
1871   38.2   49.6   33.9   78.7   35.7   89.1  105.0   36.0  137.3   66.7   26.6   44.0   150.6   148.3   230.0   230.6   740.7
1872  116.6   74.7   61.9   78.3   53.6  112.1  119.9   80.1   82.1  121.2  114.4  105.0   235.3   193.9   312.1   317.6  1119.9
1873   79.3   29.5   67.8   20.7   60.0   64.6   68.8   78.2   50.7   68.4   56.3   18.6   213.8   148.5   211.6   175.4   662.9
1874   64.3   52.8   39.3   40.0   38.1   22.2   37.0   73.8   86.2   80.4   76.9   63.8   135.7   117.4   133.0   243.5   674.8
1875   93.5   37.5   22.9   34.2   52.3   83.6  145.7   65.2   84.2  150.3  113.4   36.2   194.8   109.4   294.6   347.9   919.1
1876   48.7   78.1   86.4   74.7   18.5   55.7   41.0   64.5  125.4   60.2   96.3  157.8   163.0   179.6   161.2   281.9   907.4
1877  113.7   61.1   61.9   73.7   70.0   39.8   93.2  117.5   67.5   67.4   93.6   60.7   332.5   205.6   250.5   228.5   920.1
1878   58.8   38.0   28.8   57.5  128.0   75.3   32.4  152.6   66.4   87.0   82.1   50.3   157.5   214.3   260.4   235.5   857.2
1879   49.4   79.9   30.0   65.6   67.9  128.2   97.7  133.8   75.5   31.5   29.5   32.6   179.6   163.6   359.6   136.5   821.5
1880   13.0   77.5   44.9   48.3   47.5   86.4  154.1   35.0  107.8  137.7   69.9   97.5   123.1   140.7   275.5   315.3   919.5
1881   22.1   97.9   65.8   25.8   43.5   60.8   60.5  127.3   53.3   76.1   86.0   82.7   217.6   135.1   248.5   215.4   801.7
1882   65.2   59.8   50.7   95.4   52.2  105.7  102.0   62.0   65.9  139.1  112.7  103.0   207.7   198.3   269.7   317.7  1013.8
1883   91.8   84.7   29.8   45.3   40.7   87.7   83.2   37.1  131.7   80.6   95.4   35.2   279.5   115.8   208.0   307.7   843.2
1884   89.7   50.9   55.8   43.5   31.4   47.1   90.4   47.3   45.0   36.7   40.1   74.9   175.9   130.7   184.8   121.8   652.8
1885   53.1   77.8   37.0   55.4   62.0   70.2   15.2   60.6   93.1  125.2   86.7   27.3   205.8   154.4   146.0   305.0   763.7
1886  100.7   19.5   68.5   53.4  140.9   32.8   87.4   44.7   57.2  115.6   61.6  109.9   147.5   262.7   165.0   234.3   892.0
1887   63.3   19.0   40.1   30.8   49.6   28.1   31.5   45.7   69.7   57.8   58.3   50.1   192.2   120.4   105.2   185.8   543.8
1888   25.0   32.5   75.0   50.4   26.5   61.1  139.3   71.0   27.7   22.6  137.4   62.0   107.5   151.8   271.4   187.6   730.3
1889   29.4   47.3   78.0   87.7   89.6   20.2   66.1   85.7   54.8   89.2   29.5   47.7   138.6   255.3   172.0   173.5   725.1
1890   85.6   20.1   46.6   26.8   57.0   57.2   70.8   83.2   34.8   42.4   91.4   21.1   153.3   130.4   211.1   168.5   636.8
1891   54.2    3.6   39.3   47.2   84.4   62.7   66.5  120.9   48.3  142.7   71.9  109.2    79.0   170.9   250.2   262.9   851.0
1892   46.0   44.8   23.1   27.1   61.1   77.3   60.4   75.9   71.0  102.4   49.3   35.9   200.0   111.3   213.6   222.7   674.2
1893   44.8   84.1   13.7   10.2   52.3   35.8   77.0   53.9   42.2   66.7   48.7   78.8   164.7    76.2   166.7   157.6   608.2
1894   61.5   77.1   43.5   50.5   55.5   61.5   78.7   72.7   38.6   93.9   81.3   61.1   217.4   149.6   212.9   213.8   776.0
1895   92.4    7.3   58.8   53.8   17.3   35.9   98.2   69.3   23.4   80.1  103.9   65.8   160.8   129.9   203.3   207.3   706.1
1896   27.9   19.8   79.2   29.4   10.8   65.9   42.8   53.7  131.8   86.6   32.2   99.1   113.6   119.4   162.4   250.6   679.2
1897   53.4   75.1   86.9   52.6   32.6   75.1   25.9  100.9   71.7   38.2   53.0   87.8   227.6   172.2   201.9   162.9   753.3
1898   30.2   42.6   28.4   55.6   81.9   39.8   27.9   81.9   19.9   94.9   62.3   73.6   160.6   165.9   149.5   177.1   639.0
1899   98.1   58.9   27.9   65.3   63.8   45.0   41.3   32.4   85.3   73.6   51.1   60.9   230.6   157.0   118.7   210.0   703.6
1900   95.9  114.3   21.6   32.6   45.5   71.1   56.7  107.5   20.7   84.5   69.3  114.0   271.1    99.6   235.3   174.6   833.6
1901   41.9   34.4   60.9   57.6   30.1   48.5   75.1   52.4   35.0   50.6   55.4  117.3   190.3   148.6   176.0   141.1   659.3
1902   35.5   36.3   41.7   50.8   65.8   58.6   43.3   91.0   40.8   71.4   56.5   54.4   189.1   158.4   192.9   168.8   646.2
1903   71.4   47.3  100.4   46.9   88.7   65.1   76.8  110.5   86.6  178.4   52.7   45.3   173.1   236.1   252.4   317.7   970.3
1904   75.0   97.1   44.8   40.0   61.6   23.2   65.9   77.4   44.8   23.5   44.4   51.2   217.4   146.5   166.5   112.7   648.9
1905   27.2   26.9   82.9   57.4   16.6   74.9   36.4  105.6   44.1   44.2   85.1   22.2   105.3   157.0   216.9   173.3   623.5
1906  105.1   58.3   45.3   24.6   60.1   65.1   28.1   46.3   27.0  132.9   85.3   63.5   185.7   130.0   139.5   245.3   741.7
1907   32.0   39.4   38.4   57.9   88.1   84.9   70.2   67.2   18.2  141.0   63.8   89.1   134.9   184.4   222.3   222.9   790.1
1908   38.7   41.3   79.6   72.6   58.3   43.5   71.6   82.4   59.9   41.9   41.7   55.3   169.2   210.5   197.4   143.4   686.7
1909   34.1   22.3   79.4   55.1   39.2   85.3   87.3   66.1   72.0   99.4   23.1  115.8   111.7   173.7   238.7   194.5   779.1
1910   69.7   82.0   19.3   59.2   55.2   64.6   69.3  105.4   13.9   74.4  107.0  128.5   267.4   133.6   239.3   195.4   848.4
1911   27.2   51.9   45.7   32.4   35.0   61.3    9.2   50.6   48.6   64.4   80.6  137.7   207.6   113.1   121.2   193.6   644.6
1912  104.0   46.0   99.6    7.9   68.0  117.3  103.4  167.4   32.5   79.6   57.0   93.1   287.8   175.6   388.1   169.1   976.0
1913   98.2   30.0  105.7   89.1   59.5   29.5   27.8   36.0   55.1   93.0   73.4   37.1   221.4   254.3    93.3   221.5   734.4
1914   37.1   57.0   81.9   28.2   41.6   61.8   89.0   52.7   34.7   57.0   92.9  156.7   131.1   151.7   203.5   184.5   790.5
1915   88.7   97.7   27.7   29.7   58.3   30.7  132.8   71.1   28.3   58.0   63.1  144.8   343.1   115.8   234.5   149.4   830.9
1916   42.9  112.4  103.8   37.8   64.5   51.9   51.1   73.8   36.5  109.2   83.3   70.4   300.1   206.0   176.7   229.0   837.5
1917   54.1   25.8   54.9   42.6   67.5   60.0   49.0  147.7   46.2  101.7   43.5   32.5   150.3   165.0   256.6   191.3   725.3
1918   64.5   55.5   32.9   55.5   58.9   24.8   88.8   48.9  161.6   46.5   50.2   96.3   152.5   147.3   162.5   258.2   784.4
1919   97.6   64.1  116.5   51.1   27.5   28.5   71.3   68.8   50.0   63.4   49.9  113.4   258.0   195.1   168.6   163.3   802.1
1920   86.7   45.6   68.5  118.9   70.3   66.8  123.1   35.3   52.3   59.3   32.0   71.1   245.7   257.7   225.2   143.7   829.9
1921   83.9    8.1   41.8   30.9   41.2   11.4   18.6   92.8   33.0   51.3   52.7   68.1   163.1   113.9   122.8   137.0   533.9
1922   91.1   79.6   57.6   74.3   27.3   30.2  114.5  118.3   65.5   21.0   36.3   97.2   238.8   159.1   263.1   122.8   812.9
1923   48.8  129.3   45.9   61.8   60.0   16.2   85.4   73.1   73.0  101.8   66.1   79.8   275.3   167.7   174.7   240.9   841.2
1924   72.5   18.6   29.2   65.3  123.8   59.6   95.9   84.3   93.5  109.7   59.8   90.0   170.9   218.3   239.8   263.1   902.3
1925   60.2   95.7   23.2   56.2   93.3    2.2   64.9   71.0   87.6   91.6   50.8   72.3   245.9   172.7   138.1   230.0   769.0
1926   88.8   64.6   21.5   56.8   76.2   60.3   61.1   62.5   41.0   71.0  131.6   21.7   225.7   154.6   183.9   243.7   757.3
1927   70.8   62.1   69.5   53.2   33.5   97.5   82.6  117.2  121.3   62.5   85.4   64.4   154.6   156.2   297.2   269.2   919.9
1928  134.9   68.5   61.4   31.5   30.4   86.5   43.0   78.9   21.5  120.0   99.3   61.0   267.8   123.3   208.4   240.8   836.8
1929   38.1   17.9    6.7   28.5   49.3   38.7   51.5   58.1   24.0  101.2  167.2  153.5   116.9    84.6   148.2   292.4   734.7
1930  114.4   17.7   63.1   72.3   55.1   37.3  113.9   82.4   98.7   76.0   94.5   78.5   285.6   190.5   233.6   269.2   903.9
1931   57.0   71.6    8.4   92.6   86.5   99.2   96.4  118.4   75.0   24.4  107.3   33.8   207.1   187.5   314.0   206.7   870.6
1932   67.5    7.5   49.5   81.5  143.9   24.6   91.6   53.5   74.8  112.6   52.8   30.5   108.7   274.9   169.7   240.2   790.3
1933   53.5   89.3   66.9   29.6   48.5   55.0   53.2   21.4   43.3   97.2   38.0   12.9   173.4   145.0   129.6   178.5   608.8
1934   64.6   10.7   56.9   61.7   33.2   32.9   42.3   57.4   55.0   57.8   51.5  133.1    88.1   151.8   132.6   164.3   656.9
1935   30.9   78.9   21.0   89.9   24.8   87.7   19.6   45.9  119.4  113.3  132.5   85.5   242.9   135.6   153.2   365.2   849.4
1936   97.2   60.7   53.2   47.6   25.8   95.3  128.2   27.6   84.3   54.9   81.1   71.9   243.4   126.6   251.0   220.3   827.8
1937   97.8  112.5   72.9   70.5   70.8   35.3   67.3   27.9   48.6   73.2   41.7   68.4   282.2   214.3   130.5   163.5   786.9
1938   88.7   26.0   11.8    4.6   59.2   49.2   77.4   84.2   53.2  102.7   90.5   96.3   183.1    75.7   210.8   246.3   743.9
1939  138.5   42.9   49.0   56.3   31.9   52.3  126.5   67.6   27.1   91.8  120.4   50.6   277.8   137.1   246.3   239.2   854.8
1940   69.3   64.5   56.7   63.9   43.5   22.1   89.7   12.3   38.4   97.1  167.5   54.6   184.4   164.1   124.1   303.1   779.7
1941   83.9   77.8   79.9   40.1   59.1   34.9   84.6  104.4   16.1   73.8   76.2   38.8   216.2   179.0   223.9   166.1   769.5
1942   82.4   27.0   54.2   34.8   90.5   16.4   59.9   78.8   43.0   75.8   38.6   76.5   148.2   179.5   155.1   157.4   677.9
1943  122.4   37.6   25.8   31.1   73.6   56.3   37.0   65.7   69.8   60.7   52.9   35.3   236.5   130.5   159.0   183.4   668.3
1944   75.2   39.0   10.4   52.3   34.8   56.9   64.2   69.9   94.0   91.6  119.7   54.8   149.6    97.5   190.9   305.3   762.8
1945   59.0   64.8   25.5   37.5   72.0   75.2   54.2   66.7   48.5  103.2   11.0   76.6   178.5   134.9   196.1   162.7   694.1
1946   69.6   80.0   27.7   43.0   63.4   73.1   58.7  133.4  108.3   27.8  144.0   72.8   226.3   134.2   265.2   280.2   902.0
1947   60.2   48.2  146.4   66.0   56.5   49.6   67.7   13.0   41.6   13.7   62.9   64.8   181.3   268.9   130.3   118.2   690.6
1948  144.1   41.0   30.1   48.5   65.8   78.2   36.2  106.7   66.5   64.5   42.1   94.7   249.8   144.4   221.2   173.1   818.5
1949   36.9   32.7   39.8   63.1   61.2   16.1   58.9   44.0   40.1  126.7   90.2   68.3   164.3   164.1   118.9   256.9   677.9
1950   27.5  126.0   33.3   64.8   50.5   43.8   78.2   98.5  101.9   31.6  115.7   45.8   221.7   148.6   220.6   249.1   817.5
1951   73.8   86.7  102.4   60.3   83.7   30.4   38.4  119.3   59.9   26.1  168.8   78.9   206.3   246.5   188.0   254.7   928.6
1952   66.8   18.8   58.9   53.0   66.5   51.9   28.0   89.3   58.2   98.8   65.0   70.1   164.5   178.4   169.2   222.0   725.3
1953   25.3   45.4   30.8   65.0   51.7   58.6   82.3   79.2   60.0   57.4   51.7   30.6   140.8   147.5   220.1   169.1   637.9
1954   46.9   67.2   61.3   12.3   73.7   82.4   73.1  119.6   72.1  103.0  145.3   78.9   144.7   147.3   275.2   320.5   936.0
1955   64.2   49.5   61.7   29.5  103.5   80.1   19.2   18.9   40.5   48.5   57.1   77.5   192.6   194.6   118.2   146.1   650.1
1956  102.9   20.4   27.4   43.5   19.1   67.8   91.5  139.4   73.5   45.6   24.8   86.8   200.8    90.0   298.7   143.9   742.8
1957   51.8   72.6   58.5    7.0   37.2   43.7   95.1  107.7  121.9   55.5   53.9   67.6   211.2   102.7   246.5   231.3   772.6
1958   73.7  109.5   41.3   20.9   70.4  110.4  100.5   75.4  100.6   70.4   47.5   84.2   250.8   132.6   286.2   218.5   904.7
1959   90.2    6.4   55.0   77.9   25.4   37.1   50.8   29.5    3.9   66.6   87.9  130.9   180.8   158.3   117.5   158.4   661.7
1960  124.7   63.2   42.8   33.7   38.7   56.8   98.7   98.2  106.3  147.1  118.0   91.0   318.9   115.3   253.7   371.3  1019.3
1961   87.6   58.2   11.1   98.1   31.4   34.8   64.4   69.7   60.8   81.5   47.3   88.0   236.8   140.6   169.0   189.5   732.9
1962   84.1   31.4   32.4   67.3   59.2   13.6   50.9  110.0   90.0   26.3   50.3   56.0   203.5   158.8   174.4   166.7   671.4
1963   27.1   21.0   82.0   63.8   42.0   79.4   47.1   79.6   62.1   48.9  128.7   19.7   104.1   187.8   206.1   239.6   701.4
1964   23.2   26.0   87.7   54.6   48.9   69.6   50.2   43.6   24.0   42.4   39.9   80.0    68.9   191.1   163.4   106.3   590.1
1965   80.0   14.9   67.3   54.0   54.6   66.1   92.1   54.2  134.6   25.7   86.6  150.4   174.9   175.9   212.4   246.9   880.5
1966   43.2  112.5   33.8   96.5   67.0   74.1   68.5   98.5   45.4  106.2   69.6   94.8   306.1   197.2   241.0   221.2   909.9
1967   44.3   76.0   49.1   35.6  138.7   33.3   48.0   67.8   81.7  143.2   56.4   64.5   215.1   223.4   149.1   281.3   838.6
1968   70.8   36.3   48.4   63.2   78.8   76.3  110.2   57.9  128.3   71.5   69.3   59.2   171.5   190.4   244.4   269.0   870.1
1969   74.8   64.9   68.5   56.5  125.1   45.0   58.2   75.9   34.7   14.4  103.9   71.0   198.9   250.1   179.1   153.1   793.0
1970   87.3   72.6   57.9   81.6   21.4   44.0   60.1   85.7   47.6   43.8  147.4   36.9   230.9   160.8   189.8   238.9   786.3
1971   91.1   29.0   56.8   56.3   45.4   85.8   41.4  108.7   24.8   70.3   72.9   33.9   157.0   158.5   235.9   168.0   716.3
1972   86.1   64.1   73.2   54.1   68.1   67.7   54.7   35.8   44.7   30.9   75.9   94.2   184.1   195.5   158.2   151.5   749.7
1973   36.9   36.4   20.9   65.3   75.3   67.5   99.4   49.8   59.0   46.9   42.7   52.0   167.5   161.6   216.6   148.6   652.2
1974   96.4   83.0   39.5   10.2   33.6   61.6   69.8   81.8  113.9   71.9   95.6   56.7   231.5    83.2   213.2   281.4   813.9
1975   87.0   27.6   73.0   59.5   36.3   15.4   61.3   43.5   72.3   27.6   48.6   45.0   171.3   168.7   120.2   148.6   597.1
1976   53.1   34.3   38.8   16.3   64.3   17.4   25.4   30.8  144.2  122.2   50.5   80.8   132.4   119.4    73.6   316.9   678.1
1977   83.2  141.4   58.8   49.1   45.0   95.8   16.7   92.3   30.1   48.5   86.5   77.1   305.4   152.9   204.9   165.1   824.6
1978   91.4   57.4   62.6   42.8   38.8   60.8   76.7   61.9   52.2   14.2   45.6  149.2   225.9   144.2   199.4   112.1   753.6
1979   68.2   54.2  110.0   64.3  115.3   29.8   26.1   82.1   32.7   58.0   71.1  138.5   271.5   289.7   138.0   161.8   850.3
1980   67.1   83.2   89.5   15.6   29.4  111.8   60.5   91.3   61.3  110.5   72.5   57.9   288.8   134.5   263.5   244.3   850.5
1981   52.7   53.2  130.5   63.6   81.1   38.0   35.6   54.0  127.7   90.8   54.6   78.4   163.8   275.2   127.6   273.1   860.3
1982   60.7   33.4   94.2   24.7   32.6  133.6   28.3   83.2   71.2   73.6   96.5   76.6   172.5   151.6   245.1   241.3   808.6
1983   80.0   30.2   55.3  107.7  111.6   21.9   43.8   27.2   89.2   64.7   42.6   94.9   186.7   274.6    92.9   196.5   769.1
1984  114.1   51.8   55.6    8.7   58.7   44.8   18.3   62.1  104.3   74.4  127.1   54.5   260.8   123.0   125.1   305.7   774.2
1985   55.6   28.5   50.1   61.5   72.2   95.1   62.1   85.9   28.8   46.4   66.3  101.6   138.5   183.8   243.1   141.5   754.1
1986  108.1   16.7   65.7   82.8   79.7   37.3   42.8  115.4   17.0   77.5   95.0  113.2   226.5   228.2   195.5   189.4   851.1
1987   24.1   45.0   76.0   61.1   41.2  112.5   56.4   60.5   54.2  134.1   64.5   44.0   182.3   178.3   229.4   252.7   773.5
1988  124.1   53.6   87.4   34.9   51.8   45.6  120.4   71.5   47.3   68.5   39.2   36.2   221.7   174.1   237.5   155.0   780.5
1989   34.0   67.6   67.9   91.5   25.0   54.9   42.5   45.7   35.9   82.8   50.3  127.7   137.7   184.4   143.0   169.0   725.7
1990  107.0  112.6   20.3   32.0   17.6   61.0   28.6   37.7   42.8   90.7   47.6   85.6   347.4    69.9   127.2   181.1   683.5
1991   75.9   49.0   59.6   63.0   11.4   80.1   71.8   21.2   55.4   54.2   77.0   42.3   210.4   134.0   173.1   186.6   660.9
1992   58.8   33.5   69.3   55.9   58.2   45.6   87.6  119.3   83.3   74.5  113.9   64.0   134.6   183.3   252.5   271.7   863.9
1993   87.4    9.9   17.3   83.4   77.2   64.6   77.8   44.7  101.3   75.4   60.7  132.7   161.3   177.9   187.2   237.5   832.5
1994   95.7   67.7   72.4   57.1   56.6   25.3   42.1   55.7  113.6   70.7   75.8  109.6   296.1   186.1   123.2   260.1   842.4
1995  131.3   87.8   54.2   21.4   47.7   14.9   30.1    8.3   97.7   38.2   65.2   77.2   328.6   123.2    53.2   201.1   673.8
1996   45.0   66.7   38.8   48.1   44.3   29.5   36.9   68.7   23.1   65.6   95.4   55.3   189.0   131.2   135.1   184.0   617.3
1997   12.1   89.6   24.0   27.4   75.7  119.6   46.9   86.1   28.2   59.2   88.4   76.3   156.9   127.1   252.6   175.8   733.4
1998   95.4   17.6   84.4  117.0   23.9  119.0   40.0   46.6   81.7  140.6   60.5   70.6   189.3   225.3   205.6   282.8   897.3
1999  114.9   43.0   67.9   70.1   62.4   76.1   21.5   99.2  104.5   79.1   47.7  117.5   228.4   200.4   196.8   231.3   903.8
2000   37.6   78.1   32.5  137.9   73.0   42.1   54.9   56.3  115.3  145.2  143.9  116.6   233.2   243.5   153.4   404.4  1033.6
2001   51.1   81.5   71.4   94.0   53.5   37.2   69.1   75.1   66.9  115.9   45.8   32.7   249.2   218.9   181.3   228.6   794.1
2002   66.4  117.0   37.6   45.4   74.7   46.4   93.5   62.9   30.3  126.4  115.3  110.2   216.1   157.6   202.8   272.0   926.0
2003   64.6   28.2   32.8   41.4   65.5   67.1   64.0   15.9   28.8   47.5   69.9   85.6   203.0   139.7   147.1   146.1   611.4
2004   98.0   40.6   41.0   87.0   42.8   51.7   60.2  155.0   51.3  121.3   46.3   43.9   224.2   170.9   266.9   218.9   839.2
2005   42.4   44.5   47.5   61.8   37.9   54.4   61.3   53.3   62.2   95.6   65.5   55.9   130.9   147.2   168.9   223.3   682.3
2006   22.3   41.7   77.7   43.7  104.1   16.4   49.4   84.8   75.4   94.7   82.8  101.0   119.9   225.5   150.7   252.9   794.1
2007   91.7   85.1   55.3    8.7  112.4  166.9  143.4   40.9   38.3   41.6   64.6   78.0   277.7   176.4   351.2   144.5   926.8
2008  127.0   37.0   84.4   62.9   59.8   52.9   98.2  102.8  104.0   78.8   76.3   54.7   242.1   207.1   253.8   259.1   938.8
2009   66.1   40.6   32.3   40.5   57.0   68.3  127.4   53.5   23.7   57.2  141.0   73.8   161.5   129.9   249.2   221.9   781.6
2010   61.2   56.1   50.2   24.9   31.6   40.2   53.3   98.4   67.4   65.0   71.3   27.6   191.1   106.7   191.9   203.6   647.1
2011   56.7   72.5   12.0    7.9   54.0   55.8   48.5   57.1   41.5   52.7   42.9   93.4   156.8    73.9   161.5   137.1   595.1
2012   62.7   29.1   22.9  140.2   51.7  151.9  112.6   88.1   87.5   86.8  113.2  137.4   185.3   214.7   352.6   287.5  1084.2
2013   64.2   45.5   65.1   21.9   78.5   36.2   67.3   52.6   44.8  132.9   58.8   89.6   247.1   165.5   156.2   236.5   757.5
2014  148.8  108.6   47.4   46.2  102.7   51.4   48.6  102.5   13.6   85.0   92.8   72.7   347.0   196.3   202.5   191.3   920.2
2015   75.5   41.0   52.4   23.3   79.2   37.3   65.9   80.4   41.6   57.4  107.5  120.7   189.1   154.9   183.5   206.6   782.1
2016   98.8   70.1   82.8   62.2   55.2   99.2   35.0   64.7   58.2   28.0   96.6   34.1   289.6   200.1   198.9   182.8   784.9
2017   59.0   55.9   66.8   16.3   55.8   66.2   79.9   67.9   84.6   46.2   55.0   87.6   149.0   138.9   214.0   185.8   741.2
2018   82.6   37.0  105.1   79.1   55.1   11.4   30.7   55.5   60.9   54.2   62.5   92.7   207.1   239.2    97.6   177.6   726.7
2019   32.2   38.5   83.8   35.9   42.6  124.1   78.9   80.2  115.0  129.0  125.1   88.2   163.3   162.3   283.2   369.1   973.4
2020   64.5  162.0   44.4   28.2    6.7   93.1   66.5  118.3   35.7  127.7   53.8  126.6   314.6    79.3   277.8   217.2   927.2
2021  124.5   64.2   45.0   13.5  119.0   36.7   79.7   42.9   59.5  105.0   34.5   86.4   315.3   177.5   159.4   199.1   811.2
2022   28.7  111.4   41.2   23.9   50.4   45.7   23.7   30.6   62.5  108.5  123.5   71.5   226.5   115.5   100.0   294.4   721.5
2023   76.7   12.4  118.3   64.1   34.9   48.5  120.1   60.0   74.7  151.9   87.2  150.7   160.6   217.4   228.6   313.8   999.5
2024   75.5  120.3   96.5   79.9   81.6   34.1   72.1   34.4  159.6   81.9   75.8   86.3   346.5   258.0   140.7   317.3   998.2
2025   84.5   40.9   15.0   19.8   31.3   37.5   52.2   22.4   97.7   69.2  141.0   96.9   211.7    66.2   112.0   307.9   708.5
2026  108.2  119.2   43.4                                                                  324.3                                
