Areal values from HadUK-Grid 1km gridded climate data from land surface network
Source: Met Office National Climate Information Centre
Monthly, seasonal and annual total precipitation amount for England E and NE
Areal series, starting in 1836
Last updated 01-Apr-2026 11:35
year    jan    feb    mar    apr    may    jun    jul    aug    sep    oct    nov    dec     win     spr     sum     aut     ann
1836   43.7   56.1   91.2   48.0    9.6   71.1   82.1   45.5   71.2   79.7  122.5   55.7     ---   148.9   198.7   273.5   776.5
1837   74.3   61.6   37.9   58.3   29.5   49.8   92.2   59.8   49.5   60.0   48.2   96.0   191.6   125.7   201.8   157.8   717.1
1838   42.9   40.6   49.6   46.9   75.3   85.1   72.1   73.8   67.5   65.2   67.6   28.4   179.6   171.8   231.0   200.4   715.1
1839   42.9   37.8   76.4   20.6   17.0  110.9  114.0   81.4   92.0   77.1  102.5   66.4   109.1   114.0   306.3   271.6   839.0
1840   73.7   45.6   15.4   15.4   79.3   52.8   91.2   57.3   77.2   46.7   94.3   25.9   185.7   110.1   201.3   218.2   674.8
1841   54.0   41.0   43.6   36.0   56.1   60.7   89.6   82.5   82.6  132.8   78.2   62.3   120.9   135.8   232.9   293.6   819.6
1842   66.4   30.2   60.2   14.5   53.6   39.0   71.6   40.6   70.3   40.3   79.2   24.4   158.9   128.3   151.2   189.7   590.2
1843   36.0   65.4   23.4   72.6   93.9   62.3   77.3   67.8   15.7  104.7   68.4   11.1   125.8   189.9   207.3   188.9   698.6
1844   47.1   53.9   57.0   14.9   10.2   53.3   75.9   58.8   59.1   46.7   65.9   15.5   112.2    82.2   188.0   171.7   558.3
1845   36.7   27.9   57.8   46.9   71.7   80.3   77.0  145.4   56.4   99.0   45.2   82.7    80.1   176.4   302.6   200.7   827.0
1846   69.9   22.4   52.3  122.0   42.7   54.5   96.9   74.8   40.3  131.6   53.0   65.9   175.0   217.1   226.2   224.9   826.4
1847   43.5   35.2   31.5   47.2  122.3   62.5   28.4   40.3   36.5   80.6   66.5  110.7   144.6   201.0   131.2   183.6   705.1
1848   36.6  119.4  103.9   50.8   25.1  136.8   71.5   88.1   83.2  138.4   50.0   54.0   266.7   179.8   296.5   271.6   957.8
1849   74.4   22.1   34.6   82.8   59.5   39.0   79.9   63.4   75.8   90.6   53.1   92.0   150.5   177.0   182.3   219.5   767.3
1850   66.1   49.3   17.9   57.0   43.2   41.3   96.0   48.5   44.4   74.7   66.3   28.3   207.5   118.2   185.9   185.4   633.2
1851   72.6   29.5   75.4   50.4   27.7   75.3   89.7   64.5   63.9   47.2   35.9   25.5   130.4   153.5   229.5   147.0   657.7
1852   88.3   44.6   14.0   14.2   44.6   94.3   66.1   92.9  117.4   97.6  133.0  113.0   158.4    72.9   253.3   348.0   920.1
1853   77.4   75.3   39.6   40.9   30.9   56.6   86.5   47.5   55.4   89.0   41.7   50.4   265.7   111.4   190.6   186.0   691.1
1854   80.2   23.1   19.3   15.6   62.7   71.7   62.7   56.8   25.9   52.8   88.3   63.1   153.7    97.6   191.2   167.0   622.2
1855   25.1   59.0   47.3   17.4   39.4   74.2   97.0   73.5   12.0  115.2   55.6   42.4   147.1   104.1   244.8   182.8   658.0
1856   64.5   45.7    8.3   65.1   89.6   59.6   52.2  103.6  101.8   50.2   40.2   85.3   152.6   163.0   215.4   192.2   766.0
1857   74.4   25.6   60.6   65.7   31.7   58.0   55.1  131.3   78.0   49.1   51.6   18.0   185.4   158.0   244.5   178.6   699.1
1858   20.2   16.1   29.4   34.0   52.4   39.2   82.4   74.9   69.4   84.3   52.0   53.3    54.3   115.8   196.4   205.6   607.5
1859   37.7   36.9   53.7   72.1   15.3   59.3   59.1   66.4   81.0   72.6   62.2   70.8   128.0   141.1   184.9   215.8   687.2
1860   92.3   46.3   65.9   26.7   73.0  109.3   66.8   97.8   61.4   67.9   82.6   92.7   209.4   165.7   274.0   211.9   882.8
1861   30.5   73.6   63.7   31.7   25.4   66.8   93.1   39.0   76.2   31.5  115.4   43.8   196.8   120.8   198.9   223.1   690.7
1862   53.1   30.1   96.9   43.3   64.5   71.1   60.3   72.9   60.5   76.2   29.1   49.6   127.0   204.7   204.3   165.7   707.4
1863   99.3   21.4   37.0   36.2   34.9   80.8   32.9   83.5   76.6   93.3   73.3   50.0   170.3   108.1   197.1   243.2   719.1
1864   31.2   53.0   67.9   32.3   52.2   46.8   20.1   33.1   58.0  107.2   71.6   68.4   134.2   152.4    99.9   236.8   641.7
1865   48.2   46.5   39.4   26.1   85.9   25.7   64.2  102.7   10.9  163.0   71.7   40.2   163.2   151.3   192.6   245.6   724.4
1866   65.8   69.4   57.4   49.3   31.5   67.2   95.9   94.3  115.1   54.1   72.9   66.4   175.4   138.2   257.4   242.0   839.4
1867   91.8   39.8   56.2   77.9   59.5   41.3   88.3   67.9   54.6   49.1   23.6   61.5   198.1   193.6   197.5   127.4   711.7
1868   69.7   50.7   51.8   63.8   26.8   15.9   16.3   78.9   87.9   71.8   53.4  155.7   181.9   142.4   111.2   213.1   742.8
1869   76.0   64.9   53.4   48.6  100.8   39.9   18.5   43.1  101.7   57.2   65.5  105.7   296.6   202.8   101.5   224.4   775.3
1870   50.4   55.9   41.4   19.8   31.0   55.2   20.6   49.8   33.0  142.4   60.3  104.8   212.1    92.2   125.7   235.6   664.7
1871   32.0   59.1   29.2   81.3   35.2   79.5   95.2   35.0  129.3   60.6   47.8   54.1   196.0   145.7   209.7   237.7   738.2
1872   90.5   73.7   76.8   80.2   51.6   79.7  113.4   89.9  113.3  129.3  123.7  112.4   218.3   208.6   283.0   366.2  1134.5
1873   66.3   42.0   54.9   25.1   58.4   40.1   65.4   74.3   55.5   66.3   50.0   18.8   220.6   138.4   179.8   171.9   617.2
1874   48.2   41.8   38.7   36.6   49.5   27.1   42.3   70.3   64.3   67.3   78.8   89.4   108.8   124.7   139.7   210.4   654.2
1875   79.2   33.1   21.3   22.9   34.3   66.5  110.7   62.7   68.8  119.6  140.6   49.1   201.7    78.4   239.9   329.1   808.8
1876   33.6   75.4   85.1   79.6   26.5   64.6   50.2   56.7  104.0   55.6   90.6  176.4   158.1   191.2   171.5   250.2   898.3
1877  104.9   60.8   75.8   94.4   61.2   43.7   84.9  141.3   73.1   77.5   72.6   56.4   342.1   231.4   269.8   223.2   946.5
1878   69.1   34.1   29.5   47.8   94.5   67.5   25.3  141.0   58.2   64.6  133.9   70.6   159.5   171.7   233.8   256.7   836.0
1879   31.1   76.1   34.1   55.0   69.1  102.2  111.3   90.5   56.4   28.2   52.1   33.6   177.7   158.2   304.0   136.7   739.7
1880   11.2   59.4   45.7   59.5   42.0   67.0  135.9   46.1  122.8  138.6   76.7   87.2   104.2   147.2   248.9   338.1   892.1
1881   26.9   91.3   73.4   33.1   41.7   53.4   84.2  140.3   95.2   91.8   75.5   79.2   205.4   148.2   277.9   262.5   886.0
1882   47.2   42.1   54.8   98.2   48.7  100.7   84.9   75.8   53.8  119.9   97.3  117.0   168.4   201.7   261.4   271.0   940.4
1883   76.1   73.2   47.1   44.5   48.2   83.8  105.3   48.8  123.9   83.3   67.7   50.3   266.3   139.8   237.9   275.0   852.3
1884   95.4   44.7   53.6   46.2   31.2   19.3   97.9   32.7   45.2   42.8   44.5   71.0   190.4   131.0   149.8   132.6   624.5
1885   53.7   55.0   45.6   51.7   71.2   54.1   25.9   62.0   81.2  129.2   60.4   29.6   179.7   168.5   141.9   270.8   719.5
1886   99.1   24.1   76.6   52.3  101.3   29.8  104.6   49.2   49.7  110.8   82.5  106.1   152.7   230.2   183.6   243.1   886.1
1887   50.2   20.8   44.6   30.1   48.3    7.4   37.9   48.6   91.3   66.2   74.1   59.0   177.1   123.0    94.0   231.6   578.6
1888   28.0   40.7   90.4   53.4   23.6   56.1  140.8   63.0   38.2   27.4  118.5   42.8   127.7   167.5   259.9   184.1   723.0
1889   33.6   41.8   72.2   75.2   71.5   11.9   66.6  105.4   39.9  126.0   24.6   40.4   118.2   218.9   183.8   190.6   709.0
1890   71.2   33.2   53.6   21.5   58.9   66.1   58.7  107.3   40.7   44.7   99.5   34.5   144.8   134.0   232.1   184.8   689.9
1891   41.8    3.1   56.7   50.6   63.7   32.0   94.4  115.7   60.1   91.5   77.0   97.4    79.4   171.0   242.1   228.6   784.1
1892   38.6   59.3   32.1   37.3   77.2   97.0   49.2   88.4   63.3  149.6   39.1   28.0   195.3   146.6   234.6   251.9   759.1
1893   42.6   85.1   15.8   11.8   43.8   39.5   76.7   55.7   45.9   45.5   76.3   61.8   155.8    71.4   171.9   167.7   600.5
1894   61.8   89.1   33.9   41.5   58.9   86.6   72.7   73.6   27.5  116.2   47.3   57.5   212.7   134.3   232.9   190.9   766.6
1895  105.9   23.9   69.1   40.1   20.9   53.5  129.4   77.4   21.1  102.7   83.7   62.0   187.3   130.1   260.4   207.5   789.8
1896   29.1   20.1   71.2   26.2   19.2   65.5   57.2   50.2  103.0  131.0   40.1  110.7   111.2   116.7   172.9   274.1   723.5
1897   51.7   60.6   91.0   43.4   33.9   65.9   29.2   91.7   75.8   40.0   61.0   69.2   223.0   168.3   186.8   176.7   713.3
1898   29.8   39.6   46.8   70.2   57.4   48.1   24.0   79.3   16.7  110.0   74.1   64.7   138.6   174.4   151.3   200.9   660.6
1899   82.0   40.5   40.2   68.3   88.1   37.6   57.2   24.8   86.1   68.0   49.1   75.5   187.2   196.7   119.7   203.1   717.5
1900   91.5  117.9   28.3   39.7   40.6   78.9   42.7  134.5   25.9  114.7   83.2   87.6   284.9   108.6   256.0   223.7   885.3
1901   40.1   47.3   58.1   42.4   39.5   41.5   64.2   60.9   31.3   55.1  103.1  108.0   175.0   140.0   166.6   189.6   691.5
1902   32.0   36.3   35.9   42.3   69.4   56.9   64.0   65.1   26.0   70.2   43.0   73.7   176.3   147.5   186.0   139.2   614.7
1903   75.2   51.5   78.7   43.7   74.5   50.5   93.7   91.3   88.1  196.4   52.9   44.0   200.3   196.9   235.6   337.4   940.5
1904   58.5   72.9   48.6   40.7   68.1   32.5   57.4   83.2   38.8   21.9   55.8   54.0   175.4   157.4   173.1   116.5   632.4
1905   19.2   28.1   57.3   65.0   24.1   42.0   32.2   90.2   60.0   64.5  108.7   19.9   101.4   146.4   164.4   233.2   611.3
1906   83.4   48.3   48.1   25.0   86.0   40.5   35.7   76.9   21.1  137.0   90.0   62.1   151.6   159.1   153.1   248.1   754.1
1907   25.1   42.0   40.6   53.1   95.8   84.4   46.9   58.3   15.7  136.0   61.5   88.9   129.3   189.5   189.6   213.3   748.5
1908   42.9   51.4   85.8   65.6   54.6   27.8   73.5   58.9   64.0   43.7   41.2   41.0   183.1   206.0   160.2   148.9   650.4
1909   34.4   38.9  109.4   64.8   39.2   74.7   83.4   95.0   54.0   85.7   24.0  111.0   114.3   213.4   253.1   163.7   814.5
1910   71.7   78.9   21.4   60.1   63.1   47.1   82.0   96.4   16.6   71.2   87.3   81.6   261.6   144.6   225.5   175.1   777.4
1911   44.2   43.4   57.9   36.1   29.0   98.9   18.2   63.7   61.3   75.7   99.3  113.0   169.3   123.0   180.9   236.3   740.8
1912   83.1   51.0   74.1    6.8   67.0  128.7  102.8  135.4   54.9   78.5   69.8   69.2   247.1   148.0   366.8   203.2   921.3
1913   93.9   28.1   89.6   73.1   60.0   35.9   21.2   31.9   54.5   80.8   58.2   40.3   191.2   222.6    89.0   193.5   667.4
1914   50.7   48.4   65.1   22.3   43.4   70.5   76.9   48.4   37.9   59.0   95.3  144.6   139.4   130.7   195.8   192.2   762.4
1915   79.3   90.3   40.2   24.0   43.8   18.2  119.2   76.6   35.8   35.4   60.1  146.8   314.2   107.9   214.0   131.3   769.6
1916   42.1   96.5  105.2   42.2   74.9   60.5   66.6   77.2   45.1   93.3   95.2   80.2   285.5   222.3   204.3   233.6   879.0
1917   86.3   24.2   50.8   58.3   45.6   42.4   33.9  169.4   33.8   85.8   48.2   47.4   190.7   154.7   245.6   167.8   726.0
1918   63.5   54.1   29.3   37.9   59.7   17.4   95.4   57.9  140.0   61.6   44.2   90.5   164.9   126.9   170.7   245.8   751.5
1919   91.3   52.9   81.9   46.2   26.0   27.4   60.1   69.7   39.7  103.9   89.0   97.3   234.7   154.2   157.2   232.7   785.6
1920   79.2   42.0   74.1   98.5   79.7   34.3  110.3   46.5   42.0   52.1   32.0   88.8   218.5   252.3   191.1   126.1   779.5
1921   97.7    7.1   36.2   28.7   44.7   12.9   35.8  114.4   28.2   51.0   55.0   64.3   193.6   109.7   163.2   134.1   576.1
1922   83.7   70.1   54.1   57.7   28.1   38.1  122.0   74.3   81.8   41.9   32.0   94.0   218.1   139.9   234.5   155.7   777.9
1923   45.4  109.5   42.2   46.4   67.2   22.3   72.5   97.7   66.7   70.7   96.5   75.0   248.9   155.9   192.5   233.9   812.1
1924   59.6   29.7   26.7   44.7  112.7   49.8   97.5   69.1   73.7  104.1   44.7   80.3   164.3   184.1   216.4   222.5   792.5
1925   53.4   89.5   43.7   71.7   86.2    4.4   40.8   70.8   82.4   70.0   65.8   90.4   223.2   201.6   115.9   218.1   769.0
1926   79.5   57.5   24.5   42.1   60.1   91.4   75.1   69.6   57.2   81.3  103.4   23.4   227.5   126.8   236.0   241.9   765.2
1927   56.0   36.1   58.3   56.9   39.0   85.1   88.3  142.0  120.5   62.9   85.8   70.6   115.5   154.1   315.4   269.2   901.4
1928  117.7   51.5   72.3   26.8   39.5  105.5   33.1  102.4   20.5  104.6   85.6   51.8   239.8   138.6   241.0   210.7   811.3
1929   51.0   23.9    6.1   31.9   35.1   39.5   64.4   69.2   22.7   76.8  103.8  129.2   126.7    73.2   173.1   203.3   653.6
1930   92.8   32.0   61.1   69.9   39.4   39.1  135.7  103.6   98.2   65.0   97.2   65.4   254.0   170.4   278.4   260.5   899.5
1931   64.8   60.6   25.1   85.2   70.7  100.3  106.3   97.3   83.1   35.4   87.2   36.9   190.8   181.0   303.9   205.6   853.0
1932   48.3   19.5   57.1   61.5  114.7   24.9   91.6   50.9   74.9  106.6   41.5   38.6   104.7   233.3   167.3   223.0   730.0
1933   51.2   92.6   52.1   33.9   53.5   49.5   50.4   24.1   50.6  107.3   74.9   24.8   182.3   139.5   124.0   232.9   664.9
1934   54.0   22.1   73.5   83.7   35.4   45.5   55.8   70.9   47.4   78.4   63.1  114.4   100.9   192.5   172.2   188.9   744.0
1935   56.9   82.3   23.2   75.0   20.7   71.7   17.5   54.7  117.2  109.8  115.1   62.6   253.5   119.0   143.9   342.1   806.8
1936  104.4   74.8   45.0   41.4   40.4   90.0  102.7   49.0   76.7   56.5   79.3   56.3   241.8   126.8   241.7   212.5   816.5
1937   92.2   89.0   82.2   72.1   85.9   39.7   64.1   40.8   44.2   62.3   48.1  109.8   237.5   240.2   144.6   154.6   830.4
1938   75.8   32.7   13.9    6.6   75.7   62.7   81.4   70.9   55.7  109.7   82.8  106.2   218.3    96.1   215.0   248.2   774.0
1939  123.9   40.3   72.0   40.5   34.5   68.0   89.2   65.5   38.3  116.9   95.1   48.9   270.4   147.0   222.7   250.2   833.0
1940   49.6   52.6   61.6   42.1   30.9   19.5  152.9   27.0   43.6   89.1  107.1   64.6   151.1   134.6   199.4   239.7   740.5
1941   81.4  108.8   78.5   35.2   46.5   15.0   67.3   86.4   17.0   95.9   81.1   19.9   254.8   160.1   168.8   194.0   732.9
1942   82.6   41.6   37.9   29.6   65.9   32.3   74.5   65.2   62.1   64.5   34.9   60.3   144.1   133.4   172.1   161.5   651.4
1943  102.2   28.2   20.3   34.7   75.5   51.4   39.0   90.0   82.5   54.0   65.3   34.5   190.6   130.5   180.4   201.8   677.5
1944   58.2   55.6   14.5   55.0   43.6   63.3   69.6   72.9  127.9   81.5  127.7   54.7   148.3   113.2   205.8   337.1   824.6
1945  104.0   59.3   20.1   46.5   70.8   66.7   46.9   81.6   49.2   87.2   22.4   46.9   218.0   137.3   195.2   158.7   701.4
1946   54.2   47.9   36.3   36.2   48.7   65.0   85.3  111.8  105.3   35.7  137.1   73.7   149.1   121.2   262.2   278.1   837.3
1947   65.1   70.4  121.1   83.6   40.8   71.3   65.0    6.3   41.8   18.0   62.9   58.1   209.1   245.6   142.7   122.7   704.5
1948  162.2   40.1   28.3   46.0   47.1  106.8   33.7  110.6   64.3   46.8   36.8   70.5   260.3   121.3   251.1   148.0   793.1
1949   32.7   30.1   29.1   54.8   37.6   21.2   59.4   55.2   32.3   93.8   98.2   79.8   133.3   121.5   135.8   224.3   624.2
1950   40.6  104.1   28.5   65.5   52.2   41.7   78.2  102.8   99.6   38.5  126.3   61.9   224.5   146.3   222.6   264.4   839.9
1951   62.9   75.6   88.9   50.6   96.7   33.6   43.9  125.0   40.2   32.2  148.4   73.4   200.4   236.2   202.5   220.8   871.5
1952   59.5   17.5   55.8   38.6   43.0   47.1   34.4   67.1   94.4   80.9   77.6   66.7   150.4   137.4   148.5   253.0   682.6
1953   26.0   49.0   12.7   66.2   57.2   68.7   67.7   82.2   51.0   50.5   54.7   32.9   141.6   136.1   218.6   156.1   618.7
1954   58.6   60.2   49.3   11.7   87.8   56.8   59.0  139.0   73.7  118.2  122.0   72.5   151.7   148.8   254.8   314.0   908.9
1955   56.7   61.5   53.8   24.7   71.0   63.5   28.9   23.0   35.1   50.4   42.6   87.3   190.8   149.4   115.4   128.1   598.5
1956  105.6   51.8   27.3   31.0   19.8   79.8   92.7  171.3   61.3   42.9   28.0   66.4   244.8    78.1   343.7   132.1   777.8
1957   58.3   68.9   43.9   11.0   40.3   48.8   92.1  104.5   94.3   57.1   51.7   61.8   193.6    95.1   245.4   203.1   732.5
1958   64.6   99.8   61.0   33.9   77.0   93.3   98.9   70.3   65.0   50.4   21.6   93.5   226.1   171.9   262.4   137.0   829.1
1959   68.1   11.4   37.0   61.4   14.5   43.2   51.9   16.2   13.9   54.1   99.8  112.9   173.0   112.9   111.2   167.7   584.3
1960  123.0   68.3   42.7   31.0   35.5   21.5  107.0   83.0   66.9  166.3  103.1   87.7   304.2   109.2   211.5   336.3   936.0
1961   98.6   44.9   20.3   68.7   39.8   40.1   75.9   78.8   56.5   93.7   44.5   74.3   231.2   128.8   194.8   194.8   736.2
1962   70.3   35.2   32.9   62.2   61.5   16.0   53.6   98.6   88.5   19.5   62.8   55.2   179.7   156.5   168.3   170.7   656.3
1963   45.5   38.2   65.3   55.3   40.7   83.2   48.0  116.2   54.8   42.9  126.8   31.0   138.9   161.3   247.5   224.5   748.0
1964   25.8   25.3   90.2   51.9   28.6   67.7   39.3   58.3   31.8   32.5   32.5   68.8    82.1   170.7   165.3    96.8   552.7
1965   76.8   28.6   57.5   66.1   56.6   50.9   81.1   66.4  135.6   31.6  132.6   97.2   174.2   180.2   198.4   299.8   880.9
1966   47.3  113.0   25.8   86.7   58.5   80.7   66.4  113.7   42.8   90.8   72.0   74.0   257.6   170.9   260.7   205.7   871.7
1967   39.2   72.9   43.1   42.6  128.7   38.4   62.0   82.2   66.0  121.0   80.4   50.3   186.1   214.5   182.5   267.5   826.8
1968   46.5   41.9   60.7   52.8   61.3   63.3  102.7   59.1  121.7   75.7   77.4   72.8   138.6   174.8   225.0   274.8   835.7
1969   75.8   66.8   75.5   67.6   87.4   72.5   53.7   48.6   51.6   17.4  127.4   66.4   215.3   230.5   174.8   196.4   810.6
1970   84.0   59.7   48.0   74.8   17.0   30.2   77.2   65.1   38.6   52.7  110.7   58.6   210.0   139.9   172.5   202.0   716.6
1971   65.8   24.9   62.3   51.5   43.3   63.2   44.8  117.5   20.1   41.4   76.1   30.2   149.3   157.0   225.6   137.6   641.1
1972   94.7   54.8   65.0   48.9   62.6   70.5   48.3   25.4   35.2   17.6   75.4   57.5   179.8   176.5   144.2   128.2   656.0
1973   34.0   24.0   15.4   66.4   67.5   56.9  102.7   60.7   61.6   47.4   28.1   51.1   115.5   149.3   220.3   137.1   615.9
1974   80.6   61.7   46.7   18.9   25.0   46.0   74.7   68.0   81.2  102.3   83.3   62.6   193.4    90.5   188.7   266.8   750.9
1975   74.8   24.0   63.5   65.4   49.8   28.2   61.0   55.3   66.9   27.3   50.6   46.3   161.4   178.7   144.5   144.8   613.1
1976   65.9   28.3   36.0   25.0   83.3   11.6   25.1   19.7  159.3  140.5   38.6   72.2   140.6   144.3    56.5   338.4   705.6
1977   96.6  101.5   59.9   44.5   51.4   77.3   19.6   63.8   29.1   48.0   86.8   70.6   270.3   155.8   160.7   163.9   749.2
1978   99.5   76.4   54.2   43.1   44.4   58.7   77.3   79.4   57.9   21.2   45.1  178.1   246.5   141.8   215.4   124.2   835.4
1979   61.9   48.3  120.1   49.0  110.7   33.3   32.6   87.3   36.9   65.6   77.7  123.7   288.3   279.7   153.2   180.3   847.1
1980   78.1   72.3   92.2   12.3   26.7  126.2   51.1  103.7   37.7  104.3   82.6   56.4   274.1   131.2   281.0   224.6   843.6
1981   40.8   48.4  125.4   71.7   59.9   37.7   56.1   43.1  105.6   94.0   61.0   58.5   145.5   257.0   136.9   260.6   802.3
1982   70.1   24.2   71.5   13.8   36.3  130.3   28.3   75.1   55.6   85.6   87.9   69.3   152.9   121.6   233.7   229.2   748.0
1983   61.6   46.3   60.3  100.3   98.9   34.8   38.0   25.9   79.8   58.2   39.3  106.9   177.2   259.6    98.7   177.3   750.4
1984  113.2   42.0   71.4   13.8   43.4   43.9   23.0   60.2  103.2   60.0  132.6   42.7   262.0   128.7   127.1   295.8   749.4
1985   79.3    8.1   66.6   62.7   71.8   62.5   80.0   96.3   53.4   32.4   80.4   85.1   130.2   201.1   238.8   166.2   778.6
1986   85.7   37.2   57.0   95.2   88.7   36.2   40.5  122.0   21.5   60.1   68.4  108.3   208.0   240.8   198.6   150.0   820.7
1987   42.8   47.8   84.2   61.4   42.7   95.7   74.5   82.6   58.9  116.1   63.1   48.0   199.0   188.3   252.7   238.1   817.7
1988  103.1   54.3   75.9   32.3   54.9   30.9  133.3   65.1   47.1   78.7   58.1   35.4   205.3   163.0   229.2   183.8   768.8
1989   25.8   57.1   59.6   65.0   16.9   57.3   29.5   51.7   23.0   61.9   38.6   80.8   118.3   141.5   138.5   123.4   567.2
1990   86.6   99.5   20.7   21.6   36.4   71.5   30.9   43.8   41.9   75.3   54.6  100.6   266.9    78.7   146.2   171.8   683.4
1991   64.7   84.4   59.3   39.2   16.3   64.2   37.6   23.6   47.8   56.5   78.8   50.7   249.7   114.8   125.5   183.1   623.2
1992   39.0   34.9   84.7   70.8   28.3   27.1   83.9   91.2   91.7   74.5   86.4   61.0   124.6   183.9   202.1   252.5   773.4
1993   79.0   17.4   17.5  102.8   81.5   42.3   61.0   71.7  114.3   76.3   68.1  104.3   157.4   201.7   175.1   258.8   836.2
1994   98.4   61.0   62.4   54.5   37.3   27.6   50.1   61.9   87.9   64.8   70.7   98.2   263.7   154.1   139.6   223.4   774.7
1995  107.6   81.2   52.1   26.7   43.8   25.6   25.5    8.8   98.4   34.6   81.8   70.5   287.1   122.7    59.9   214.9   656.8
1996   42.3   70.9   24.9   40.2   43.0   24.4   42.3   65.8   23.7   55.3   99.6   80.9   183.7   108.2   132.5   178.5   613.3
1997   15.3   87.2   24.4   17.9   61.9  148.0   63.0   65.3   23.4   44.0   74.3   96.6   183.4   104.2   276.3   141.8   721.5
1998   96.2   15.1   70.6  121.7   54.1  107.8   60.2   48.9   59.1  118.0   72.9   60.6   208.0   246.3   216.9   250.0   885.1
1999   97.4   33.6   91.4   57.9   55.3   83.9   23.0   85.5   77.8   68.0   54.8   95.7   191.6   204.6   192.4   200.6   824.2
2000   49.4   54.7   31.7  138.5   73.5   59.8   58.0   60.1  112.5  123.1  151.1   87.8   199.8   243.6   177.8   386.7  1000.1
2001   44.1   96.3   52.6   87.9   25.7   56.5   59.4   78.9   94.0   91.8   51.0   49.1   228.3   166.2   194.8   236.8   787.3
2002   57.9  105.6   40.2   32.2   62.5   54.2   91.8   88.3   31.0  123.2  106.9  108.8   212.6   134.9   234.3   261.1   902.5
2003   82.6   24.4   28.1   32.0   67.6   83.8   53.2   17.0   43.2   46.0   58.6   77.1   215.8   127.7   154.0   147.7   613.5
2004  107.0   52.4   42.3   84.3   30.3   73.1   81.5  166.1   36.2  126.6   35.6   38.0   236.5   156.8   320.7   198.4   873.3
2005   62.0   60.9   47.3   77.9   43.6   50.2   77.6   63.0   62.2   89.1   72.0   45.5   160.8   168.8   190.9   223.3   751.3
2006   29.1   49.5   85.9   38.9   96.1   18.6   30.6  106.8   73.0   82.6   67.0   89.0   124.1   221.0   156.0   222.6   767.2
2007   84.8   71.6   39.4   10.0   77.1  181.4  114.3   43.2   40.5   31.1   61.3   72.1   245.4   126.5   338.9   132.9   826.8
2008  137.0   33.7   75.8   77.2   25.8   75.6  106.2  110.9  107.9   74.3   67.0   59.8   242.8   178.8   292.6   249.1   951.1
2009   62.2   49.4   31.5   29.7   52.1   55.1  133.5   62.5   31.5   61.9  148.3   87.3   171.3   113.3   251.2   241.6   804.9
2010   69.4   71.8   65.4   21.4   22.1   42.6   61.5   76.4   83.8   65.1  118.6   40.9   228.5   108.9   180.5   267.5   739.1
2011   54.5   82.3   20.6   10.4   48.7   62.9   71.6   94.1   43.2   62.2   35.9   76.3   177.8    79.7   228.6   141.3   662.7
2012   47.3   24.0   21.5  141.2   62.1  141.6   96.5   88.0   94.6   86.3  112.1  128.0   147.6   224.9   326.1   293.0  1043.3
2013   69.9   34.2   60.1   22.3   76.6   40.7   55.7   60.9   43.6  111.6   52.6   76.9   232.1   159.1   157.3   207.9   705.3
2014  118.9   82.0   44.5   42.1  104.3   45.8   54.4   96.1   18.1   83.1   81.3   61.3   277.8   190.9   196.3   182.6   831.9
2015   63.1   37.3   45.6   25.8   82.7   34.8   85.5   73.0   38.9   64.2  116.5  147.3   161.8   154.0   193.3   219.5   814.6
2016  120.6   53.6   67.6   70.5   36.4   77.7   51.5   73.7   48.8   50.0   93.4   38.4   321.5   174.5   202.9   192.2   782.2
2017   39.4   65.9   63.8   19.4   42.8  115.8   81.9   64.4   84.8   49.7   69.5   57.1   143.7   126.0   262.0   203.9   754.4
2018   72.9   55.1   93.5   75.3   32.6   26.0   41.9   55.0   55.7   62.6   71.6   71.5   185.0   201.4   123.0   189.8   713.7
2019   23.0   36.3   82.6   27.5   51.9  116.1   78.2   91.0  110.2  117.5  128.5   62.6   130.8   162.1   285.2   356.2   925.3
2020   48.0  141.5   35.3    9.7   15.9   89.8   66.0  111.2   50.7  106.9   40.2  118.5   252.2    60.9   267.0   197.7   833.8
2021  131.4   85.1   41.4   11.5  101.4   31.6   72.1   46.3   49.8  100.3   52.8   76.5   335.1   154.3   150.0   202.9   800.2
2022   24.2   91.2   42.7   24.6   54.3   37.9   34.4   34.8   79.7   98.8  104.4   79.2   191.9   121.6   107.1   283.0   706.2
2023   60.4   21.2   85.2   61.9   30.8   40.4  119.9   74.5   83.1  154.5   92.2  136.6   160.9   177.9   234.7   329.8   960.7
2024   85.7   86.6   68.3   88.6   81.2   40.6   81.3   34.5   99.8   81.9   42.9   86.2   308.9   238.1   156.4   224.6   877.6
2025   66.5   33.5   21.1   11.7   32.1   39.5   68.0   21.1  100.3   65.9  148.4   80.1   186.1    64.9   128.6   314.6   688.1
2026   93.2   87.6   48.8                                                                  260.9                                
