Areal values from HadUK-Grid 1km gridded climate data from land surface network
Source: Met Office National Climate Information Centre
Monthly, seasonal and annual total precipitation amount for East Anglia
Areal series, starting in 1836
Last updated 01-Apr-2026 11:35
year    jan    feb    mar    apr    may    jun    jul    aug    sep    oct    nov    dec     win     spr     sum     aut     ann
1836   44.1   47.0   85.2   55.2   16.9   58.7   46.5   29.6   82.6   94.0   80.4   42.4     ---   157.4   134.8   257.0   682.6
1837   64.8   54.3   20.7   43.4   33.9   37.0   46.9   96.2   39.1   49.0   52.1   47.1   161.5    98.0   180.2   140.2   584.6
1838   16.3   33.7   30.9   31.8   22.8   84.4   47.9   41.1   55.6   47.9   69.2   34.3    97.2    85.6   173.3   172.7   515.9
1839   38.2   43.1   46.3   27.2   29.2   70.8   78.6   66.1   70.6   46.0   86.1   55.8   115.6   102.7   215.6   202.7   658.0
1840   56.7   23.9   12.8    5.9   63.8   36.6   52.9   32.0   61.1   41.6   69.4   10.6   136.4    82.5   121.5   172.1   467.3
1841   52.2   29.3   33.7   36.2   42.8   60.6   94.4   74.9   85.6  123.4   75.3   57.7    92.2   112.7   229.8   284.3   766.1
1842   33.5   28.8   60.7   20.2   43.2   45.9   70.0   37.1  100.1   44.2   93.3   21.6   120.1   124.1   153.0   237.6   598.7
1843   33.2   59.0   22.6   45.3  105.4   46.3   57.5  117.2   22.4  112.1   57.8    7.9   113.8   173.3   221.1   192.4   686.8
1844   49.4   55.0   52.2    7.5   12.7   40.6   58.0   59.2   39.0  104.3   77.0   13.0   112.3    72.5   157.8   220.3   568.0
1845   53.3   20.2   43.7   35.0   70.9   41.0   55.9   74.2   34.0   37.9   46.3   68.6    86.6   149.5   171.1   118.2   581.0
1846   66.0   21.7   27.5   81.7   29.0   21.3   45.9   71.7   44.0   95.6   34.6   38.8   156.3   138.2   138.9   174.2   577.7
1847   32.1   25.5   24.2   33.0   57.8   63.7   26.2   47.3   45.0   58.4   47.9   59.5    96.4   115.0   137.2   151.4   520.7
1848   27.0   70.0   82.9   70.6    8.7   89.4   53.5   85.5   91.8  116.7   34.4   46.0   156.5   162.3   228.5   242.8   776.5
1849   38.6   35.7   23.2   54.3   93.9   22.1   63.4   34.1   69.2   71.8   38.3   77.5   120.3   171.4   119.6   179.3   622.2
1850   35.4   24.6   14.8   45.4   56.9   16.0  101.2   39.4   38.1   45.9   52.1   44.2   137.6   117.1   156.6   136.1   514.1
1851   60.8   17.8   93.5   58.3   24.4   37.0   98.7   54.3   21.6   66.7   49.5   20.6   122.8   176.2   189.9   137.8   603.2
1852   89.9   43.6   12.3   14.8   50.4   89.5   50.7  106.1   98.4   90.7  130.4   51.3   154.0    77.6   246.3   319.5   828.1
1853   54.3   49.2   26.3   71.7   35.2   63.4  112.5   67.8   47.5   84.6   39.2   19.8   154.8   133.2   243.7   171.3   671.5
1854   39.4   24.7   13.7   19.5   81.4   26.4   44.1   70.7   18.4   62.3   50.6   53.1    83.8   114.5   141.2   131.3   504.0
1855   21.2   36.7   32.9    5.7   44.3   47.0  113.1   47.5   22.3  109.0   57.9   33.2   110.9    82.8   207.6   189.1   570.6
1856   58.6   27.3   11.5   37.7   69.7   29.7   52.1   57.7   70.5   47.7   54.8   40.8   119.0   118.9   139.5   173.0   558.0
1857   72.7    7.4   26.3   49.1   32.8   53.0   41.7   69.7   91.3  108.1   42.0    9.5   121.0   108.2   164.4   241.4   603.6
1858   17.3   25.2   21.1   47.5   58.8   24.9   80.1   64.4   28.2   53.9   28.7   43.7    52.0   127.4   169.4   110.7   493.7
1859   19.0   31.8   33.5   62.9   38.9   63.7   66.8   61.2   74.3   78.7   47.1   59.9    94.5   135.3   191.6   200.1   637.7
1860   63.1   36.5   57.0   27.8   92.0  120.3   51.6   98.1   68.3   41.9   62.8   51.7   159.5   176.8   269.9   173.0   771.0
1861   24.6   50.9   49.9   22.8   29.5   46.6   83.4   16.8   38.9   19.7   96.3   33.5   127.2   102.2   146.8   154.8   512.8
1862   40.0   12.1   80.9   44.3   63.6   55.6   43.4   64.6   50.8   66.4   33.8   42.5    85.6   188.9   163.6   151.0   598.1
1863   57.9   11.4   21.3   22.2   22.6   76.8   22.2   47.1   64.0   59.5   57.8   26.0   111.9    66.2   146.1   181.3   489.0
1864   19.6   26.2   70.1   14.0   54.0   37.2   16.2   23.6   47.3   28.9   57.5   20.5    71.8   138.1    77.0   133.7   415.0
1865   67.2   54.7   46.9   10.8   40.9   39.9   99.0  110.1    6.6  153.9   47.9   27.1   142.4    98.6   249.0   208.3   705.0
1866   65.6   83.1   36.0   43.6   41.9   67.4   64.8   67.5   84.0   26.6   59.7   57.4   175.8   121.5   199.8   170.3   697.6
1867   71.3   34.3   46.4   56.8   82.2   25.1   90.4   44.8   51.2   57.3   17.9   57.5   162.9   185.4   160.4   126.4   635.3
1868   59.0   33.2   45.6   39.8   19.7   18.6    8.4   62.5   54.4   63.0   33.5  105.9   149.7   105.1    89.6   150.9   543.7
1869   53.1   59.4   53.6   35.3   77.2   33.3   15.9   41.0   79.1   52.9   57.3   96.9   218.5   166.1    90.2   189.2   655.1
1870   27.6   22.9   41.3   15.6   18.5   26.3   44.9   47.7   40.7   82.0   28.5   84.6   147.5    75.4   118.8   151.2   480.5
1871   26.8   42.7   29.5   73.8   23.8   75.7   75.9   18.5  107.2   29.8   35.2   30.6   154.1   127.1   170.1   172.2   569.6
1872   76.5   25.3   62.8   53.6   62.4   71.4  102.0   71.3   47.5   87.1   93.8   88.2   132.4   178.8   244.7   228.3   841.8
1873   55.2   43.6   40.3   24.8   49.2   51.2   53.7   53.5   63.0   62.4   41.9   13.9   187.0   114.2   158.4   167.3   552.7
1874   30.2   24.6   20.4   31.6   27.3   42.2   30.9   37.4   69.7   55.9   56.7   52.5    68.7    79.3   110.5   182.3   479.4
1875   55.6   26.3   13.3   28.4   46.6   69.9  143.6   28.7   62.7   90.6  116.8   36.1   134.4    88.4   242.2   270.2   718.8
1876   40.5   62.4   67.5   65.5   21.5   46.1   40.6   47.9  109.7   27.4   75.6  107.9   138.9   154.6   134.6   212.8   712.7
1877   85.6   56.9   58.0   63.8   47.5   31.2   78.3   83.6   43.0   39.8   78.8   51.2   250.4   169.3   193.0   161.5   717.5
1878   40.3   32.0   25.8   43.2  103.7   46.2   22.9  111.5   36.0   53.3  129.9   38.1   123.4   172.6   180.5   219.2   682.7
1879   43.6   73.4   22.6   61.9   68.2  105.6  113.5  106.9   79.4   23.9   35.6   18.3   155.1   152.8   325.9   138.9   752.8
1880    5.5   46.8   22.6   49.2   16.9   73.3  122.4   41.4   90.8  127.9   55.8   63.8    70.6    88.7   237.2   274.5   716.4
1881   28.2   67.9   41.6   28.3   24.2   48.4   47.2  109.3   63.7   70.0   53.0   78.9   159.9    94.1   204.9   186.7   660.7
1882   36.7   35.9   36.9   74.3   38.1   70.7   65.2   48.5   65.3  132.4   77.1   80.9   151.5   149.3   184.4   274.8   762.0
1883   46.2   72.0   32.1   40.5   36.8   74.7   74.9   23.6   96.7   62.1   79.1   41.6   199.1   109.4   173.3   238.0   680.4
1884   44.8   21.5   28.9   31.5   18.6   30.7   62.0   34.7   64.8   51.7   37.0   58.6   107.8    79.0   127.4   153.6   484.9
1885   47.1   56.6   29.0   41.5   69.5   37.6   19.6   37.1  109.5  123.8   77.1   26.4   162.4   140.1    94.3   310.4   675.0
1886   67.3    8.7   37.7   35.9   75.7   17.6   86.9   44.6   33.1   71.5   69.0   91.0   102.5   149.3   149.0   173.5   638.9
1887   40.6   15.1   38.4   31.2   49.5   13.3   25.6   44.5   58.5   55.6   64.5   31.4   146.7   119.1    83.4   178.5   468.1
1888   23.0   41.0   70.5   42.7   22.1   48.8  114.0   70.4   34.9   28.5   84.2   30.6    95.3   135.3   233.2   147.6   610.7
1889   21.1   43.0   33.1   53.3   89.1   44.6   75.9   67.8   65.6   93.0   30.3   32.9    94.7   175.5   188.3   188.8   649.6
1890   54.2   21.7   61.7   23.7   45.3   63.4   92.9   57.6   17.0   38.0   66.7   15.0   108.7   130.6   213.9   121.7   557.1
1891   44.8    1.4   37.8   22.9   71.5   37.5   85.7   96.0   24.6  112.4   46.4   76.9    61.3   132.2   219.2   183.3   657.9
1892   21.5   49.1   29.2   36.6   36.3   78.5   62.6   76.8   64.0  137.7   44.6   31.8   147.5   102.1   217.9   246.3   668.7
1893   45.1   66.2    8.4    3.1   26.8   25.5   81.8   51.8   25.5   67.1   73.0   41.8   143.1    38.3   159.1   165.6   516.1
1894   46.5   34.9   22.5   42.8   52.6   59.6   85.9   63.6   39.8   65.5   81.7   53.1   123.2   117.9   209.1   186.9   648.5
1895   64.2    9.3   44.2   29.1   18.1   18.8   91.6   81.6   19.3   64.2   72.7   49.7   126.7    91.3   192.1   156.2   562.9
1896   27.7   14.7   77.8   23.2   11.8   58.2   30.9   59.0  120.9   84.1   28.7   79.3    92.1   112.8   148.1   233.7   616.3
1897   49.9   59.1   67.8   43.9   29.1   57.2   19.1   67.7   78.3   20.1   30.5   46.7   188.3   140.8   144.0   129.0   569.4
1898   23.4   22.9   41.5   33.8   70.3   58.5   31.6   44.9    6.4   59.5   54.6   56.7    93.0   145.6   134.9   120.4   503.9
1899   53.9   33.7   25.6   59.6   49.7   28.5   54.6   26.6   75.8   55.6   70.1   39.2   144.3   135.0   109.6   201.5   572.9
1900   75.7   81.7   21.6   27.8   31.5   66.0   38.7   80.9   16.5   50.3   52.2   66.6   196.6    81.0   185.6   119.0   609.6
1901   15.8   26.3   51.9   52.1   28.5   36.1   43.5   35.9   28.5   51.8   34.5   84.9   108.7   132.4   115.5   114.8   489.7
1902   20.3   25.1   31.8   24.7   74.9   71.5   42.5   79.8   28.9   39.6   36.0   34.2   130.2   131.5   193.8   104.6   509.5
1903   47.0   14.6   53.0   46.4   63.0   94.7  109.1   90.2   68.6  128.3   51.0   32.5    95.8   162.4   294.0   247.9   798.5
1904   47.7   67.8   38.7   21.1   46.1   21.8   64.1   50.1   39.7   29.7   35.5   47.7   148.1   105.9   136.0   105.0   510.2
1905   26.2   26.3   56.6   48.3   30.7   83.2   23.9   65.5   53.0   51.1   54.4   22.2   100.2   135.6   172.6   158.5   541.3
1906   87.1   52.9   42.9   18.7   39.8   70.0   17.6   30.5   31.5   93.6   96.9   57.7   162.2   101.3   118.0   222.1   639.0
1907   29.7   30.9   26.8   71.6   67.8   51.6   47.8   46.6   15.4   77.3   58.9   71.7   118.3   166.1   146.0   151.6   596.2
1908   24.7   38.8   55.8   69.9   36.2   25.5   82.3   61.6   40.6   37.0   27.8   41.7   135.2   161.9   169.4   105.4   541.8
1909   19.9   15.2   71.7   37.9   32.6   94.0   83.9   56.4   53.0  100.0   23.4   95.8    76.8   142.2   234.3   176.4   683.8
1910   45.1   58.0   22.3   50.1   75.3   47.9   70.5   58.8   27.5   42.7   80.9  102.5   198.8   147.6   177.2   151.2   681.5
1911   37.1   32.2   53.6   27.4   31.2   66.1   12.5   25.3   42.8   62.9   82.4   97.5   171.9   112.2   103.9   188.1   571.1
1912   72.4   34.4   67.6    6.0   33.8   71.7   73.3  177.1   58.5   51.6   59.3   62.0   204.3   107.3   322.2   169.4   767.7
1913   67.6   17.0   51.5   53.9   45.2   28.5   41.9   27.3   38.6   86.3   56.5   18.1   146.6   150.5    97.7   181.4   532.2
1914   35.4   40.6   91.1   19.1   30.4   45.2   48.6   30.2   25.2   51.4   65.2  144.3    94.1   140.6   124.0   141.8   626.8
1915   73.6   68.2   35.6   21.4   50.9   28.1  101.8   64.9   39.3   38.3   66.3  104.8   286.1   108.0   194.7   143.9   693.2
1916   33.6   95.2   92.8   37.7   49.0   62.3   35.0   88.1   33.0   64.5   81.5   72.0   233.7   179.5   185.4   179.0   744.8
1917   44.8   19.7   49.1   43.6   32.2   45.6   76.9  117.8   44.0   90.7   39.0   26.6   136.5   124.9   240.3   173.7   630.0
1918   62.6   23.4   19.5   75.2   44.7   22.9   99.4   34.2  123.3   49.3   50.9   68.2   112.6   139.4   156.6   223.5   673.7
1919   76.6   68.9   61.1   67.9   13.0   33.6   72.2   59.1   27.3   39.6   50.7   98.4   213.8   142.0   165.0   117.5   668.5
1920   52.9   15.1   33.8   86.3   35.2   40.5   84.2   40.1   63.8   22.0   20.0   61.2   166.5   155.3   164.8   105.7   555.0
1921   49.9    8.8   24.2   35.1   28.2    9.9    9.1   36.7   38.3   31.1   42.2   36.6   120.0    87.5    55.7   111.6   350.2
1922   83.0   51.2   43.7   65.9   27.8   32.3   99.6   51.5   70.9   24.1   35.2   53.4   170.7   137.3   183.5   130.2   638.6
1923   36.3   75.6   42.3   30.3   34.0   17.1   59.5   58.8   47.7   95.8   55.4   64.6   165.4   106.7   135.5   198.9   617.7
1924   59.8   26.2   17.4   64.2   98.4   49.4   74.0   57.5   72.4  101.0   59.2   60.4   150.6   180.0   180.9   232.6   739.9
1925   30.5   58.3   30.9   49.2   57.6   10.9   55.5   64.5   73.8   65.5   57.5   52.8   149.1   137.6   130.9   196.8   606.8
1926   62.9   55.6    7.1   74.6   43.5   69.6   53.9   36.1   38.0   63.3   90.1   16.2   171.3   125.2   159.7   191.4   611.0
1927   43.8   67.3   50.2   46.9   20.4   91.4   68.6   81.6   97.8   50.6   73.4   60.6   127.3   117.5   241.6   221.8   752.5
1928   84.4   31.9   42.9   30.8   45.2   60.0   54.7   53.4   18.5   69.9   55.4   69.0   176.8   118.9   168.1   143.8   616.1
1929   40.3   14.8    2.1   32.1   34.1   22.4   63.3   28.1   13.8   76.7  106.6  105.6   124.2    68.3   113.8   197.1   539.9
1930   48.3   18.9   35.3   51.0   69.2   24.1   90.9   65.4  107.0   24.0   91.6   53.3   172.8   155.4   180.4   222.7   679.1
1931   46.5   57.8    8.3   82.2   71.8   38.6   86.5   92.0   56.5   19.9   51.9   24.7   157.5   162.3   217.0   128.3   636.7
1932   26.3   11.8   38.0   64.5   98.3   14.7   70.9   51.7   48.0  108.4   34.5   12.8    62.9   200.8   137.3   190.9   580.0
1933   30.7   40.7   49.7   26.0   42.7   53.6   36.6   20.6   62.3   54.1   43.9   13.5    84.2   118.4   110.8   160.3   474.4
1934   33.8   11.3   44.5   52.7   26.1   33.0   37.1   47.5   41.3   38.4   41.3   96.4    58.6   123.4   117.5   121.1   503.6
1935   51.0   54.3   14.1   69.1   31.2   69.8   17.9   36.3   90.9   64.6   93.0   55.5   201.6   114.4   124.0   248.5   647.6
1936   82.0   58.8   19.0   35.5   24.3   91.8  113.9   22.2   65.7   45.7   74.1   41.5   196.3    78.8   227.9   185.5   674.5
1937   92.1   79.7   77.3   68.4   73.5   44.4   48.7   37.3   49.0   48.2   43.8   80.5   213.4   219.3   130.5   141.1   743.2
1938   64.8   17.2    9.9    9.3   49.9   21.2   39.5   42.7   59.8   66.3   57.9   76.8   162.5    69.1   103.4   184.0   515.4
1939  119.9   19.6   47.7   63.8   27.8   44.8   53.3   75.9   33.7  136.0   98.7   39.4   216.3   139.3   174.0   268.4   760.5
1940   43.2   41.2   67.1   37.9   29.1   12.8   83.1    9.9   22.3   56.5  153.1   43.4   123.8   134.1   105.8   231.9   599.6
1941   56.5   51.7   77.5   29.0   48.0   22.2   64.8  102.9   12.3   53.3   60.6   31.1   151.5   154.5   189.9   126.1   609.8
1942   64.6   24.5   44.2   20.5   57.6   17.8   71.6   43.1   41.7   88.6   64.2   57.0   120.1   122.3   132.4   194.6   595.4
1943  100.6   19.8   13.8   24.2   41.3   48.0   27.9   39.2   48.4   42.3   47.0   32.1   177.4    79.3   115.2   137.7   484.6
1944   42.5   31.1    9.5   42.4   26.2   40.8   51.5   49.4   80.5   85.6   91.4   31.9   105.7    78.1   141.7   257.5   582.8
1945   51.1   39.9   27.5   33.3   57.2   47.6   41.5   59.8   52.0   57.7   18.5   67.2   122.9   118.0   148.9   128.2   553.2
1946   36.5   55.0   30.5   26.6   44.8   70.4   92.0   95.2   71.1   36.8   95.9   59.5   158.6   101.9   257.6   203.8   714.4
1947   43.4   41.0  112.5   40.5   16.4   57.9   48.0    4.9   28.1    6.2   31.2   63.1   143.9   169.4   110.8    65.4   493.0
1948   92.5   24.3   18.1   36.0   68.3   67.7   37.5   87.7   41.5   52.0   37.4   43.7   179.8   122.3   193.0   131.0   606.7
1949   26.7   23.9   24.3   39.8   53.4   18.8   42.0   36.3   25.0  104.4   57.8   38.3    94.3   117.6    97.1   187.2   490.8
1950   28.8   79.2   13.5   47.1   53.8   41.9   98.6   59.5   74.4   15.6  104.6   41.7   146.2   114.3   200.1   194.5   658.6
1951   61.3   86.9   79.2   77.5   58.5   30.2   40.1   85.4   64.4   21.6   91.8   39.3   190.0   215.2   155.7   177.8   736.3
1952   51.1   20.4   70.3   33.1   38.2   34.8   21.9   75.8   73.4   57.6   96.2   57.3   110.7   141.6   132.5   227.2   630.0
1953   25.8   35.7   14.2   53.1   38.0   66.0   68.9   54.3   38.7   61.2   33.2   20.1   118.9   105.3   189.2   133.1   509.3
1954   34.0   52.2   56.9    8.4   55.3   61.7   69.1  105.6   42.9   51.5   98.5   48.4   106.4   120.6   236.4   192.9   684.5
1955   51.1   50.3   37.4   11.5   76.6   60.2    7.4   32.9   44.3   84.1   24.0   42.0   149.8   125.4   100.4   152.5   521.7
1956   86.4   25.0   18.5   26.3   16.6   57.8   76.5  105.9   42.5   47.4   23.6   53.4   153.4    61.5   240.2   113.5   580.1
1957   34.5   60.6   40.1    7.0   30.9   46.9   74.7   60.1   86.6   40.4   49.1   52.0   148.5    78.0   181.7   176.1   582.9
1958   56.5   73.6   27.6   27.3   64.1  106.9   78.3   78.2   76.7   53.6   36.3   71.2   182.1   119.1   263.4   166.5   750.3
1959   65.8    3.7   41.5   45.8   15.0   25.8   61.4   32.8    1.6   46.9   52.0   87.6   140.6   102.3   120.1   100.5   479.9
1960   69.6   39.6   33.8   14.3   24.1   45.2   79.9   80.0   93.8  128.5   86.3   80.4   196.7    72.2   205.1   308.5   775.4
1961   66.9   46.6    8.3   49.0   27.9   30.8   42.6   56.1   63.5   82.9   49.8   81.4   193.9    85.2   129.5   196.2   605.9
1962   56.5   19.8   34.6   44.9   45.8    5.6   73.7   51.2   72.5   30.5   47.3   46.1   157.7   125.3   130.4   150.3   528.3
1963   24.6   16.3   65.9   53.0   48.4   46.2   47.3   83.9   47.2   38.8   84.9   16.1    87.0   167.2   177.4   170.9   572.6
1964   19.4   23.7   71.8   63.5   29.4   94.4   31.2   27.9   14.8   36.9   35.4   42.2    59.3   164.7   153.5    87.1   490.5
1965   49.5   20.0   50.9   56.0   40.6   53.4   80.8   60.1  100.6   16.1   63.6  103.9   111.7   147.5   194.3   180.3   695.5
1966   29.7   63.8   14.9   62.2   40.3   69.9   80.6   74.1   26.9   79.3   67.0   74.9   197.4   117.3   224.5   173.2   683.4
1967   31.9   45.0   23.1   58.3   87.2   30.4   39.1   44.5   50.5   91.8   54.7   50.0   151.8   168.5   114.0   196.9   606.3
1968   46.0   32.2   23.7   41.7   43.2   67.8   86.2   88.0  122.5   49.6   43.3   51.2   128.1   108.6   242.0   215.3   695.3
1969   57.3   52.0   57.0   35.1   85.0   39.6   73.4   59.9    4.4    7.1   81.6   63.0   160.6   177.1   172.9    93.0   615.4
1970   61.9   55.9   45.0   67.6   18.7   28.0   44.5   39.2   43.6   26.9  139.1   47.1   180.8   131.3   111.8   209.6   617.6
1971   73.1   15.7   41.5   28.9   39.0   74.8   36.2   70.6   21.4   57.3   80.5   27.1   135.9   109.4   181.5   159.2   565.9
1972   61.8   34.9   41.3   42.0   38.3   36.2   50.1   23.0   39.0    7.2   57.4   48.3   123.8   121.5   109.3   103.6   479.4
1973   16.5   20.9   13.4   52.4   64.6   59.8   64.7   25.2   79.3   36.7   29.4   34.6    85.6   130.5   149.7   145.3   497.4
1974   44.9   57.9   26.3   11.4   19.0   52.9   46.1   84.4   91.9   99.6  107.9   32.4   137.4    56.6   183.3   299.4   674.6
1975   69.9   21.8   77.2   59.0   53.4   26.1   34.4   16.3   91.6   15.2   58.1   32.1   124.1   189.6    76.8   165.0   555.2
1976   37.6   18.4   13.5   13.7   29.4   11.6   33.2   40.8   87.6   98.1   68.8   59.8    88.1    56.7    85.6   254.5   512.7
1977   64.7   81.3   44.7   31.6   39.9   50.6   10.1   97.3   16.5   23.2   55.2   57.4   205.7   116.2   158.1    94.9   572.4
1978   72.5   46.2   59.7   44.3   48.4   67.1   62.0   47.3   33.7    6.1   23.0  104.8   176.2   152.4   176.4    62.8   615.1
1979   63.1   57.2   88.3   55.4   79.0   32.4   21.1   58.2   19.2   49.6   48.6   96.1   225.0   222.6   111.7   117.4   668.1
1980   38.4   46.8   61.5   23.3   15.2   84.1   66.3   49.2   27.8   81.1   49.9   43.7   181.3    99.9   199.5   158.8   587.2
1981   41.8   24.6   92.8   69.0   66.9   32.2   57.8   29.7   77.9   70.5   37.4   53.4   110.2   228.7   119.7   185.7   654.0
1982   37.3   19.5   53.6   13.2   57.3   98.8   24.7   52.7   50.3  122.4   72.2   54.6   110.2   124.1   176.2   244.9   656.7
1983   42.3   40.9   37.0   92.1   93.6   22.2   31.5   12.8   64.5   38.9   48.4   42.7   137.8   222.8    66.4   151.8   566.9
1984   83.1   37.1   46.5   12.7   72.9   50.2   24.4   41.4   93.4   54.6   76.4   45.0   162.9   132.1   116.0   224.4   637.7
1985   54.9   12.3   40.8   41.9   53.1  109.4   50.0   55.2   14.5   14.5   51.4   84.5   112.2   135.7   214.6    80.4   582.3
1986   64.0   17.0   53.1   59.3   53.8   20.8   54.6   86.5   28.4   71.3   62.7   69.5   165.5   166.2   162.0   162.4   641.1
1987   22.1   28.7   45.6   42.9   53.1   93.8   80.5   91.6   38.0  130.0   53.5   25.2   120.3   141.5   265.9   221.5   704.9
1988  116.5   32.6   75.0   31.4   44.7   37.4   95.1   41.1   41.0   57.1   34.8   22.2   174.3   151.2   173.6   132.9   629.1
1989   31.9   40.4   50.2   72.6    9.5   54.6   44.7   35.9   24.9   39.3   30.8  104.3    94.5   132.3   135.2    95.0   539.2
1990   53.8   78.9   15.3   39.4   14.3   43.2   18.6   32.4   32.3   50.9   56.8   47.9   237.1    69.0    94.2   139.9   483.9
1991   43.6   38.1   28.7   47.0   14.8   85.1   40.6   21.8   56.9   23.9   58.2   22.3   129.6    90.5   147.4   138.9   480.8
1992   39.0   16.7   64.0   48.7   51.9   33.7   81.3   77.4   83.3   75.3   87.6   40.0    78.0   164.7   192.4   246.2   698.9
1993   56.9   17.9   18.1   66.4   51.8   46.8   64.0   43.4  103.1   98.6   65.2   86.4   114.8   136.4   154.2   266.9   718.7
1994   71.1   41.0   51.2   52.4   52.1   27.6   32.2   59.1   74.0   75.0   25.2   56.0   198.5   155.7   118.9   174.1   616.8
1995  102.5   66.5   54.8   15.3   25.9   27.2   29.3    8.1  103.6   11.9   33.1   71.4   224.9    96.1    64.6   148.5   549.6
1996   31.7   49.9   19.5    9.2   21.8   14.0   42.3   81.4   17.6   41.7   94.9   33.6   152.9    50.5   137.7   154.2   457.5
1997   10.7   46.0   10.9   13.5   42.9  128.8   34.0   47.2   12.1   49.1   57.1   80.3    90.3    67.4   210.0   118.3   532.7
1998   61.5    6.9   50.2  117.8   15.5   96.1   32.2   34.3   76.1   93.2   59.4   69.1   148.7   183.5   162.6   228.8   712.3
1999   66.5   28.7   49.5   42.6   25.9   87.6   30.5   96.9   79.7   51.8   37.4   72.3   164.2   118.1   215.0   168.9   669.5
2000   21.4   60.1   16.4   93.4   92.0   17.2   60.3   39.1   81.0  125.0  110.1   63.7   153.8   201.8   116.6   316.1   779.7
2001   54.2   84.5   89.4   73.3   39.9   36.8   80.2   72.6   85.6   86.6   52.3   24.2   202.4   202.6   189.6   224.5   779.6
2002   45.4   56.8   35.8   32.5   58.0   34.1   69.0   54.8   30.5   85.1  105.8   99.7   126.4   126.3   157.9   221.5   707.6
2003   80.4   17.2   17.5   25.2   45.5   63.5   54.9    5.6   21.1   39.8   85.7   60.3   197.3    88.1   124.0   146.6   516.7
2004   83.6   37.5   33.1   58.8   44.6   39.3   70.1  116.5   29.5   88.8   45.4   29.7   181.4   136.6   225.9   163.8   677.0
2005   28.8   40.4   31.7   38.5   39.0   45.6   51.8   54.6   61.2   66.3   39.7   32.1    99.0   109.3   152.0   167.2   529.8
2006   15.6   38.1   37.9   34.3   81.0   20.1   28.8  105.9   56.4   66.2   66.7   55.4    85.9   153.2   154.7   189.3   606.3
2007   65.1   65.4   38.9    1.0  118.0   99.5   73.7   53.8   34.0   52.5   41.2   45.7   185.9   157.8   226.9   127.7   688.6
2008   70.6   18.6   83.1   45.4   68.0   43.3   54.6   80.6   51.7   60.5   80.9   27.1   135.0   196.5   178.6   193.0   684.5
2009   47.5   58.8   35.4   16.0   33.7   49.5   79.6   34.3   15.8   42.8  104.5   79.5   133.4    85.1   163.4   163.1   597.4
2010   49.4   82.3   34.0   15.2   25.5   30.3   30.0  122.2   59.1   60.4   51.1   25.6   211.2    74.6   182.6   170.5   585.1
2011   65.1   41.2    7.3    4.3   16.2   68.8   51.8   59.5   25.8   25.4   29.9   59.0   131.9    27.8   180.1    81.0   454.2
2012   42.1   17.8   34.1  112.4   48.5   98.9  107.2   47.9   40.3   88.1   74.6   97.9   118.9   195.0   254.1   203.0   809.9
2013   47.0   31.1   53.1   23.8   49.0   20.2   32.7   52.2   43.6   96.6   52.9   59.2   176.1   125.8   105.1   193.1   561.4
2014  102.1   73.5   21.5   19.5   93.6   37.6   58.4   95.2   17.9   79.4   87.9   50.3   234.8   134.6   191.1   185.1   736.7
2015   55.4   38.7   24.0   20.7   50.0   22.0   84.2   72.5   50.4   43.3   71.2   51.5   144.4    94.7   178.7   164.9   584.0
2016   69.0   28.4   65.3   55.4   48.7  102.2   27.2   27.7   42.4   32.6   69.1   19.5   148.9   169.4   157.2   144.0   587.6
2017   47.5   37.7   32.8   13.5   61.2   64.1   79.0   60.3   57.7   18.0   42.2   89.8   104.6   107.5   203.4   117.9   603.7
2018   54.5   42.9   70.6   65.6   37.4    5.8   24.1   61.1   29.8   56.1   47.9   60.7   187.2   173.5    91.1   133.8   556.5
2019   26.1   27.9   47.1   11.0   40.9   87.8   41.5   36.7   63.8   92.0   71.5   82.0   114.7    99.0   166.0   227.3   628.3
2020   50.3   78.7   24.6   27.0    2.8   59.6   52.1   80.7   59.2  113.6   38.4  109.9   211.0    54.4   192.5   211.1   696.8
2021   94.4   44.7   33.6    4.8   81.2   60.0   58.2   32.1   49.8   82.9   26.5   66.8   249.0   119.5   150.3   159.2   634.9
2022   16.7   65.0   29.3   11.7   36.8   35.1    5.0   31.9   50.3   63.7  103.3   54.3   148.5    77.8    72.0   217.3   503.1
2023   47.9    5.9   98.6   55.2   46.5   24.4   80.8   61.9   56.8  135.7   75.9   85.9   108.2   200.4   167.1   268.4   775.7
2024   55.6  112.7   47.1   58.7   79.6   23.6   77.8   19.1   95.5   56.8   50.6   52.0   254.2   185.4   120.5   202.9   729.2
2025   54.3   38.8    5.8   21.9   22.7   27.3   54.9   20.6   47.5   56.1   92.9   46.6   145.2    50.5   102.7   196.5   489.5
2026   81.4   72.1   24.2                                                                  200.1                                
